,x1,y,rep,noise,y_noise
0,-4.0,0.2269011662175376,0.0,0.07108872461614774,0.2979898908336853
1,-3.95,0.2264745331669587,0.0,0.16404674255805293,0.3905212757250116
2,-3.9,0.2261357782108464,0.0,0.11108312770112587,0.3372189059119723
3,-3.850000000000001,0.2258843842491351,0.0,-0.1304209692316076,0.0954634150175275
4,-3.8000000000000007,0.2257195593668869,0.0,0.06040664171808282,0.2861262010849697
5,-3.750000000000001,0.2256402349867505,0.0,0.4377844984452563,0.6634247334320068
6,-3.700000000000001,0.225645065211805,0.0,0.26450070665992476,0.49014577187172975
7,-3.650000000000001,0.2257324272393208,0.0,0.28095213495538635,0.5066845621947071
8,-3.6000000000000014,0.2259004227129998,0.0,0.17774321641614346,0.40364363912914325
9,-3.5500000000000016,0.2261468798756441,0.0,-0.13272829073484366,0.09341858914080045
10,-3.5000000000000018,0.2264693563869395,0.0,-0.005097813768927851,0.22137154261801165
11,-3.450000000000002,0.2268651426822803,0.0,0.0452436919802609,0.2721088346625412
12,-3.400000000000002,0.2273312657686531,0.0,-0.03149812797398917,0.19583313779466394
13,-3.3500000000000023,0.2278644933814294,0.0,-0.03610077492432711,0.19176371845710227
14,-3.3000000000000025,0.2284613384601434,0.0,-0.287678991683943,-0.0592176532237996
15,-3.2500000000000027,0.229118063939041,0.0,0.06310248411249812,0.29222054805153913
16,-3.200000000000003,0.2298306878849607,0.0,-0.26896349288881877,-0.03913280500385807
17,-3.150000000000003,0.2305949890449516,0.0,0.07873531073628785,0.30933029978123944
18,-3.100000000000003,0.2314065128800496,0.0,-0.2262394982772113,0.005167014602838305
19,-3.050000000000004,0.2322605781486553,0.0,-0.19073122604426776,0.041529352104387546
20,-3.000000000000004,0.2331522840482249,0.0,-0.4382717942709827,-0.20511951022275776
21,-2.950000000000004,0.234076517809223,0.0,-0.24530488215152232,-0.011228364342299318
22,-2.900000000000004,0.235027962438395,0.0,0.24385810411502098,0.478886066553416
23,-2.850000000000004,0.2360011040032891,0.0,-0.06234802729564742,0.17365307670764168
24,-2.8000000000000043,0.2369902374076655,0.0,-0.20856451348225413,0.028425723925411372
25,-2.7500000000000044,0.237989468996323,0.0,0.07734270036411235,0.31533216936043534
26,-2.7000000000000046,0.2389927135172606,0.0,0.04255012091228677,0.28154283442954736
27,-2.650000000000005,0.2399936819322242,0.0,0.19592741622506804,0.43592109815729224
28,-2.600000000000005,0.2409858552880065,0.0,-0.1531072453722603,0.0878786099157462
29,-2.550000000000005,0.2419624383463827,0.0,-0.01678018223932453,0.22518225610705817
30,-2.5000000000000053,0.2429162849642584,0.0,-0.12160851881868867,0.12130776614556973
31,-2.450000000000005,0.2438397854241401,0.0,0.2271718604413706,0.4710116458655107
32,-2.4000000000000057,0.2447247042450809,0.0,0.2262550838074176,0.4709797880524985
33,-2.350000000000006,0.2455619558156704,0.0,0.19245942732758367,0.43802138314325406
34,-2.300000000000006,0.2463413050725307,0.0,0.009875173599361624,0.2562164786718923
35,-2.250000000000006,0.2470509823200865,0.0,0.4139994236099967,0.6610504059300832
36,-2.2000000000000064,0.2476772065330511,0.0,-0.31440919476752355,-0.06673198823447246
37,-2.1500000000000066,0.2482036221031882,0.0,0.009678520292515239,0.25788214239570345
38,-2.1000000000000068,0.248610672769059,0.0,0.18770378174645552,0.43631445451551454
39,-2.050000000000007,0.2488749670943106,0.0,0.08455270980580394,0.33342767690011454
40,-2.000000000000007,0.2489687369546363,0.0,0.2499741698889813,0.49894290684361764
41,-1.9500000000000075,0.2488595593754488,0.0,-0.07279454014969473,0.17606501922575407
42,-1.9000000000000077,0.248510608104692,0.0,0.1300057442769249,0.3785163523816169
43,-1.850000000000008,0.247881828650177,0.0,0.1413534299098147,0.3892352585599917
44,-1.8000000000000078,0.2469325899713199,0.0,0.14182623585963297,0.3887588258309529
45,-1.750000000000008,0.2456265522146566,0.0,-0.20361391227111902,0.04201263994353757
46,-1.7000000000000082,0.2439396882164529,0.0,0.43216870778439437,0.6761083960008473
47,-1.6500000000000083,0.2418725815205364,0.0,0.17935914105367742,0.4212317225742138
48,-1.6000000000000083,0.2394682619858701,0.0,-0.07065622179388491,0.1688120401919852
49,-1.5500000000000087,0.2368369021741999,0.0,-0.013562209731395245,0.22327469244280465
50,-1.5000000000000089,0.2341886823926436,0.0,0.1389712602035517,0.3731599425961953
51,-1.450000000000009,0.2318760995251963,0.0,-0.0714365837995742,0.1604395157256221
52,-1.4000000000000092,0.2304470791022732,0.0,0.08606922413375374,0.3165163032360269
53,-1.3500000000000094,0.2307105682828961,0.0,-0.12860501636247154,0.10210555192042456
54,-1.3000000000000096,0.2338165351468228,0.0,0.07993282555560514,0.3137493607024279
55,-1.2500000000000098,0.2413505929422549,0.0,-0.14406536318060095,0.09728522976165394
56,-1.20000000000001,0.2554335895945858,0.0,0.14632892666588979,0.40176251626047554
57,-1.15000000000001,0.2787825600067921,0.0,0.07198299940749169,0.3507655594142838
58,-1.1000000000000103,0.314600254903263,0.0,0.44786597887887203,0.7624662337821351
59,-1.0500000000000105,0.365986037075661,0.0,-0.002243363761109681,0.36374267331455135
60,-1.0000000000000109,0.4343919814388006,0.0,0.056617260244297724,0.49100924168309834
61,-0.9500000000000108,0.5169968546112166,0.0,0.16931795897068136,0.6863148135818979
62,-0.900000000000011,0.6045502180385735,0.0,0.18561375754599704,0.7901639755845705
63,-0.8500000000000112,0.6830194167078946,0.0,0.04510907433695655,0.7281284910448511
64,-0.8000000000000114,0.739444535827495,0.0,0.11734087092073575,0.8567854067482308
65,-0.7500000000000115,0.7661845048711213,0.0,-0.08715680562924334,0.679027699241878
66,-0.7000000000000117,0.7601306284039586,0.0,0.03528008917179573,0.7954107175757543
67,-0.6500000000000119,0.723409435616085,0.0,-0.04708556809607665,0.6763238675200083
68,-0.6000000000000121,0.6701959298442841,0.0,-0.09176428628983417,0.57843164355445
69,-0.5500000000000123,0.6234136864457848,0.0,0.1666434498170411,0.7900571362628259
70,-0.5000000000000124,0.5974986311099284,0.0,0.39179134049006864,0.989289971599997
71,-0.4500000000000126,0.5942765330653753,0.0,0.10717425096250616,0.7014507840278814
72,-0.4000000000000128,0.6102179433292824,0.0,0.07147505727039825,0.6816930005996806
73,-0.3500000000000129,0.6419462203245885,0.0,0.14128737456602322,0.7832335948906117
74,-0.3000000000000131,0.6876053557318124,0.0,-0.2647347366735095,0.42287061905830287
75,-0.2500000000000133,0.7424944889818234,0.0,-0.0915637892131617,0.6509306997686617
76,-0.2000000000000135,0.7933226659403881,0.0,0.032149496338949375,0.8254721622793375
77,-0.1500000000000136,0.8240642729592325,0.0,0.20622318515191873,1.0302874581111512
78,-0.1000000000000138,0.8223559118525031,0.0,-0.013895083445818275,0.8084608284066849
79,-0.050000000000014,0.7587233969481388,0.0,0.05991191152375911,0.8186353084718979
80,-1.4210854715202004e-14,0.5357774330039696,0.0,-0.14293203495282958,0.39284539805114005
81,0.0499999999999856,0.1548553918709945,0.0,0.13505110572096254,0.2899064975919571
82,0.0999999999999854,0.0081431887901609,0.0,0.06320167675762083,0.07134486554778173
83,0.1499999999999852,0.0,0.0,-0.17857457046157363,-0.17857457046157363
84,0.199999999999985,0.0279788100529366,0.0,-0.16746183372356926,-0.13948302367063267
85,0.2499999999999849,0.1169195455518618,0.0,0.311392968327516,0.4283125138793778
86,0.2999999999999847,0.3577591037150978,0.0,0.004118320071074789,0.36187742378617255
87,0.3499999999999845,0.7540560600057639,0.0,-0.07086770809614001,0.6831883519096238
88,0.3999999999999843,0.9340188947550808,0.0,0.03042422813927514,0.964443122894356
89,0.4499999999999842,0.9688451236439092,0.0,-0.2988652312316184,0.6699798924122908
90,0.499999999999984,0.949232514788234,0.0,-0.16018865570509466,0.7890438590831393
91,0.5499999999999838,0.9288282275937876,0.0,-0.015903168085303464,0.9129250595084841
92,0.5999999999999837,0.9187147590232516,0.0,-0.011008936548389688,0.907705822474862
93,0.6499999999999835,0.9242215840681832,0.0,0.18902026731179492,1.1132418513799782
94,0.6999999999999833,0.9462792073357528,0.0,0.08559267594748331,1.031871883283236
95,0.7499999999999831,0.9752818971903994,0.0,-0.06980832880640966,0.9054735683839897
96,0.799999999999983,0.9927965329435546,0.0,-0.08561207824803423,0.9071844546955204
97,0.8499999999999828,0.9987124524312404,0.0,0.014264372989353156,1.0129768254205935
98,0.8999999999999826,0.9999999999999988,0.0,-0.05566003868777841,0.9443399613122203
99,0.9499999999999824,0.999545253826206,0.0,0.06467680461759329,1.0642220584437991
100,0.9999999999999822,0.9981719676299764,0.0,0.21159332937545652,1.209765297005433
101,1.049999999999982,0.9961189740077712,0.0,0.0981642545841036,1.0942832285918747
102,1.099999999999982,0.9934177375607742,0.0,-0.06558357280818636,0.9278341647525878
103,1.1499999999999817,0.9899683032007464,0.0,-0.09686538302829921,0.8931029201724472
104,1.1999999999999815,0.9855507232687694,0.0,0.03376144024144051,1.0193121635102098
105,1.2499999999999811,0.9798248920038432,0.0,0.04845150338997996,1.0282763953938232
106,1.2999999999999812,0.9723344737697316,0.0,0.0035430915584534223,0.975877565328185
107,1.349999999999981,0.9625237288235295,0.0,-0.035737026040581,0.9267867027829485
108,1.3999999999999808,0.949781498739616,0.0,-0.38839836821012075,0.5613831305294953
109,1.4499999999999806,0.9335688107507089,0.0,-0.4784727047397769,0.455096106010932
110,1.4999999999999805,0.9137950269150352,0.0,-0.26792528231944424,0.645869744595591
111,1.5499999999999805,0.8916604368273193,0.0,-0.10560814990496054,0.7860522869223587
112,1.59999999999998,0.8706678013242822,0.0,0.2778298702691684,1.1484976715934505
113,1.64999999999998,0.8562316510665615,0.0,0.04594077999178991,0.9021724310583514
114,1.6999999999999795,0.8522143762409456,0.0,-0.19587071663766534,0.6563436596032803
115,1.7499999999999796,0.8555067079254244,0.0,0.3185035365168447,1.174010244442269
116,1.7999999999999794,0.8557968328305948,0.0,0.13506712869370732,0.9908639615243021
117,1.8499999999999792,0.8441863597831651,0.0,0.1496901119543888,0.9938764717375539
118,1.899999999999979,0.8193429936285542,0.0,0.016909118700543322,0.8362521123290976
119,1.9499999999999789,0.7863748259371054,0.0,0.1805013340086164,0.9668761599457218
120,1.999999999999979,0.7518650312998746,0.0,-0.11557815616384896,0.6362868751360257
121,2.0499999999999785,0.7198873711321606,0.0,0.07261700991253299,0.7925043810446936
122,2.0999999999999783,0.6917078237308942,0.0,0.01659328627202495,0.7083011100029192
123,2.149999999999978,0.6671528455706301,0.0,0.10490296782206139,0.7720558133926916
124,2.199999999999978,0.645636161249204,0.0,0.10452581388668968,0.7501619751358937
125,2.249999999999978,0.6265807670962008,0.0,0.03711556523085759,0.6636963323270584
126,2.2999999999999776,0.609525492761366,0.0,0.04427970043133568,0.6538051931927017
127,2.349999999999977,0.5941230408144826,0.0,-0.027514457402878115,0.5666085834116045
128,2.3999999999999773,0.5801138218470464,0.0,0.2017323826609142,0.7818462045079606
129,2.449999999999977,0.5673010908460858,0.0,-0.35213144347859965,0.21516964736748617
130,2.499999999999977,0.5555323858227664,0.0,0.2510349212580208,0.8065673070807873
131,2.5499999999999767,0.5446866363955346,0.0,-0.14354304384470035,0.40114359255083426
132,2.599999999999977,0.5346653678318086,0.0,-0.11899668235312601,0.41566868547868263
133,2.6499999999999764,0.5253866721367635,0.0,-0.04790773531944021,0.4774789368173233
134,2.699999999999976,0.5167810207771973,0.0,-0.18031368769019682,0.3364673330870005
135,2.749999999999976,0.5087883123743984,0.0,0.1406247163809048,0.6494130287553032
136,2.799999999999976,0.5013557626877202,0.0,-0.06189503070306399,0.4394607319846562
137,2.849999999999976,0.4944363800468297,0.0,0.07970156788714525,0.574137947933975
138,2.8999999999999755,0.487987854528476,0.0,-0.20505124327020247,0.2829366112582735
139,2.9499999999999758,0.4819717431142933,0.0,0.11914642192047865,0.601118165034772
140,2.999999999999975,0.4763528681005107,0.0,0.2895053063360099,0.7658581744365206
141,3.049999999999975,0.4710988695213628,0.0,-0.3008152289902581,0.17028364053110473
142,3.0999999999999748,0.4661798686217927,0.0,0.008310739354107945,0.47449060797590065
143,3.1499999999999746,0.4615682110151707,0.0,-0.20626965740988046,0.25529855360529025
144,3.1999999999999744,0.4572382666107158,0.0,-0.30336439901376866,0.15387386759694716
145,3.2499999999999742,0.4531662696340301,0.0,0.11145645272639958,0.5646227223604297
146,3.299999999999974,0.4493301867015107,0.0,-0.007462219090222848,0.4418679676112879
147,3.349999999999974,0.4457096043583205,0.0,-0.3267646355486236,0.1189449688096969
148,3.3999999999999737,0.4422856300441654,0.0,-0.16409290594554307,0.2781927240986223
149,3.449999999999973,0.4390408023284796,0.0,-0.44063048187624926,-0.0015896795477696735
150,3.4999999999999734,0.4359590076207134,0.0,-0.23723451902168116,0.19872448859903222
151,3.549999999999973,0.4330254015387572,0.0,0.1511214683981741,0.5841468699369313
152,3.599999999999973,0.4302263338060077,0.0,0.11550453140474823,0.545730865210756
153,3.649999999999973,0.4275492760204931,0.0,-0.008340771220109846,0.41920850480038324
154,3.6999999999999726,0.4249827519551921,0.0,-0.11402009322373839,0.3109626587314537
155,3.749999999999973,0.4225162702509732,0.0,0.030561183552082413,0.45307745380305564
156,3.799999999999972,0.4201402594855989,0.0,-0.053449992096841675,0.3666902673887572
157,3.849999999999972,0.417846005668306,0.0,0.14804487226657467,0.5658908779348807
158,3.899999999999972,0.4156255922380732,0.0,0.09736261151373696,0.5129882037518102
159,3.949999999999972,0.4134718426475981,0.0,-0.36906268369237955,0.044409158955218575
160,-4.0,0.9224952811316838,1.0,0.24841433681912783,1.1709096179508116
161,-3.95,0.9171936074518746,1.0,-0.138077713017782,0.7791158944340926
162,-3.9,0.9107167668099048,1.0,0.07214867392365987,0.9828654407335646
163,-3.850000000000001,0.9028063102337434,1.0,-0.3157896183829598,0.5870166918507835
164,-3.8000000000000007,0.8931613502117132,1.0,-0.2808937277702574,0.6122676224414558
165,-3.750000000000001,0.881465320719684,1.0,0.2528247341826153,1.1342900549022992
166,-3.700000000000001,0.8674552510153882,1.0,-0.08688198496689345,0.7805732660484948
167,-3.650000000000001,0.8510551899273626,1.0,-0.03641951626249626,0.8146356736648663
168,-3.6000000000000014,0.8325738048387737,1.0,-0.18720399556854267,0.6453698092702311
169,-3.5500000000000016,0.8129070445896945,1.0,0.15015904409269043,0.963066088682385
170,-3.5000000000000018,0.7936159113564495,1.0,-0.13883776664299544,0.6547781447134541
171,-3.450000000000002,0.7767622407023689,1.0,-0.1327732398966576,0.6439890008057113
172,-3.400000000000002,0.7645629915272345,1.0,-0.4567822814968475,0.307780710030387
173,-3.3500000000000023,0.7591568046967492,1.0,0.07073061372245422,0.8298874184192034
174,-3.3000000000000025,0.76277860233059,1.0,-0.20176964944887868,0.5610089528817114
175,-3.2500000000000027,0.7782299040836415,1.0,-0.056317148074549045,0.7219127560090924
176,-3.200000000000003,0.8088534848246602,1.0,0.06371639338653329,0.8725698782111935
177,-3.150000000000003,0.856631535482006,1.0,-0.14637717149024598,0.71025436399176
178,-3.100000000000003,0.9146429818788684,1.0,0.4337224599834113,1.3483654418622797
179,-3.050000000000004,0.9594416318933044,1.0,-0.08957085810071803,0.8698707737925864
180,-3.000000000000004,0.9813260088694448,1.0,-0.09632619038656978,0.884999818482875
181,-2.950000000000004,0.9906723379458264,1.0,0.15161530738650122,1.1422876453323276
182,-2.900000000000004,0.9949975228642314,1.0,-0.020801186953553617,0.9741963359106778
183,-2.850000000000004,0.9971925426424476,1.0,-0.05849068972502538,0.9387018529174223
184,-2.8000000000000043,0.9984339532864114,1.0,0.29361656116303225,1.2920505144494436
185,-2.7500000000000044,0.9993840780939164,1.0,-0.0436344565171161,0.9557496215768003
186,-2.7000000000000046,0.9999999999999992,1.0,0.17315421691206176,1.173154216912061
187,-2.650000000000005,0.9990012034212816,1.0,-0.19087107219627045,0.8081301312250112
188,-2.600000000000005,0.9931547525853132,1.0,0.26237812369612545,1.2555328762814386
189,-2.550000000000005,0.970134113439871,1.0,0.13388906750477533,1.1040231809446464
190,-2.5000000000000053,0.8698679772834811,1.0,0.2744916580446322,1.1443596353281134
191,-2.450000000000005,0.574068728557519,1.0,0.09997582497428797,0.6740445535318069
192,-2.4000000000000057,0.3059549674207587,1.0,-0.07478346172226663,0.23117150569849204
193,-2.350000000000006,0.2208017423321749,1.0,0.0036498424799004045,0.2244515848120753
194,-2.300000000000006,0.2359428605400482,1.0,-0.20015930328668874,0.035783557253359466
195,-2.250000000000006,0.3137704424020138,1.0,0.11439938875370669,0.4281698311557205
196,-2.2000000000000064,0.4114871662309933,1.0,-0.11605174859530203,0.29543541763569126
197,-2.1500000000000066,0.4912527491051616,1.0,-0.06036591866331199,0.4308868304418496
198,-2.1000000000000068,0.5455487742401486,1.0,-0.09579413451264798,0.4497546397275006
199,-2.050000000000007,0.5813707723121285,1.0,-0.39042670222586445,0.19094407008626407
200,-2.000000000000007,0.6066146539846905,1.0,-0.37463798507090756,0.23197666891378294
201,-1.9500000000000075,0.626910443443937,1.0,0.14986964500193922,0.7767800884458762
202,-1.9000000000000077,0.6457870386190873,1.0,0.07822360973308376,0.724010648352171
203,-1.850000000000008,0.6652028384902164,1.0,-0.2826253004438683,0.38257753804634814
204,-1.8000000000000078,0.6858760812098081,1.0,-0.32795438984359665,0.3579216913662115
205,-1.750000000000008,0.7075533514680034,1.0,-0.09759185014688557,0.6099615013211178
206,-1.7000000000000082,0.7294240699562415,1.0,0.1443282208066249,0.8737522907628664
207,-1.6500000000000083,0.7506262434598866,1.0,-0.15060864838123686,0.6000175950786497
208,-1.6000000000000083,0.770480590464895,1.0,0.1507297232841224,0.9212103137490174
209,-1.5500000000000087,0.7881329272086024,1.0,0.0036036993920985604,0.791736626600701
210,-1.5000000000000089,0.8017152645646416,1.0,-0.19464493103977062,0.6070703335248709
211,-1.450000000000009,0.8079253895693534,1.0,-0.054045540700864945,0.7538798488684885
212,-1.4000000000000092,0.8046864238803889,1.0,0.11555456525799693,0.9202409891383858
213,-1.3500000000000094,0.7997420497190493,1.0,-0.07349176520293328,0.726250284516116
214,-1.3000000000000096,0.8134925971572673,1.0,-0.06124422004924505,0.7522483771080223
215,-1.2500000000000098,0.8521780644223356,1.0,0.3164814251867294,1.168659489609065
216,-1.20000000000001,0.8918687440505727,1.0,0.01610535709493066,0.9079741011455034
217,-1.15000000000001,0.9131372556142486,1.0,0.07323576921856377,0.9863730248328124
218,-1.1000000000000103,0.9110370422614598,1.0,-0.10332167762681305,0.8077153646346467
219,-1.0500000000000105,0.8755173402447504,1.0,-0.008537791742646067,0.8669795485021043
220,-1.0000000000000109,0.7834942972484059,1.0,0.10994278599132318,0.8934370832397291
221,-0.9500000000000108,0.6403704749262085,1.0,-0.09276319747707878,0.5476072774491296
222,-0.900000000000011,0.5065725264283119,1.0,-0.2623158452089089,0.24425668121940297
223,-0.8500000000000112,0.4075553774738006,1.0,0.02271011505137958,0.4302654925251802
224,-0.8000000000000114,0.3380720377070568,1.0,-0.14142421221980042,0.19664782548725637
225,-0.7500000000000115,0.2992484288830505,1.0,-0.4237854542162529,-0.12453702533320243
226,-0.7000000000000117,0.2959709336296027,1.0,0.0605832546328593,0.356554188262462
227,-0.6500000000000119,0.3289959092791163,1.0,-0.31268297466307854,0.016312934616037778
228,-0.6000000000000121,0.3939326485007199,1.0,-0.15738188286244026,0.23655076563827965
229,-0.5500000000000123,0.4809515657582159,1.0,0.2701668996346878,0.7511184653929037
230,-0.5000000000000124,0.5748161394040289,1.0,0.04527798778396271,0.6200941271879916
231,-0.4500000000000126,0.6603243965528223,1.0,0.3812402628648563,1.0415646594176786
232,-0.4000000000000128,0.7294741933233474,1.0,-0.19869844728932415,0.5307757460340232
233,-0.3500000000000129,0.7822148287863625,1.0,0.14393494646216634,0.9261497752485288
234,-0.3000000000000131,0.8224284115204116,1.0,-0.08218824114968189,0.7402401703707296
235,-0.2500000000000133,0.8544722849353487,1.0,0.16884744505375163,1.0233197299891004
236,-0.2000000000000135,0.8805766486250414,1.0,0.06653072186087182,0.9471073704859132
237,-0.1500000000000136,0.8952190306513287,1.0,-0.5059312263585448,0.38928780429278387
238,-0.1000000000000138,0.8729448795635067,1.0,0.2639856768754057,1.1369305564389125
239,-0.050000000000014,0.7714227863311628,1.0,0.06704606633099086,0.8384688526621537
240,-1.4210854715202004e-14,0.5797499640131644,1.0,-0.04161651921388626,0.538133444799278
241,0.0499999999999856,0.2010261573659834,1.0,0.1510703595903486,0.352096516956332
242,0.0999999999999854,0.0264324006394031,1.0,-0.2194367051705657,-0.1930043045311626
243,0.1499999999999852,0.2714427656565146,1.0,-0.173417593711532,0.09802517194498259
244,0.199999999999985,0.5066451644314739,1.0,0.06984337684660032,0.5764885412780743
245,0.2499999999999849,0.6795298146492833,1.0,0.20671734590487043,0.8862471605541538
246,0.2999999999999847,0.7720143117774488,1.0,-0.12838975442271158,0.6436245573547372
247,0.3499999999999845,0.8220304088466581,1.0,0.15208071155420302,0.9741111204008611
248,0.3999999999999843,0.8389896015433883,1.0,0.02953484633648066,0.8685244478798689
249,0.4499999999999842,0.8314231164130216,1.0,0.012658857639485191,0.8440819740525067
250,0.499999999999984,0.8046906617081381,1.0,0.02357562948703752,0.8282662911951756
251,0.5499999999999838,0.7624786020299574,1.0,0.0625761634768269,0.8250547655067844
252,0.5999999999999837,0.708900962188965,1.0,0.2511391300123364,0.9600400922013015
253,0.6499999999999835,0.6484324942916421,1.0,0.12084056402277649,0.7692730583144185
254,0.6999999999999833,0.5855013991809328,1.0,-0.06620436470731217,0.5192970344736206
255,0.7499999999999831,0.5254494147527299,1.0,-0.10159229323499176,0.42385712151773813
256,0.799999999999983,0.4740726353987249,1.0,0.009399828216171096,0.483472463614896
257,0.8499999999999828,0.4299214663921363,1.0,-0.25784853137162556,0.17207293502051074
258,0.8999999999999826,0.3696249644074447,1.0,-0.0418700012569678,0.3277549631504769
259,0.9499999999999824,0.2659890362583859,1.0,-0.3450223705194604,-0.0790333342610745
260,0.9999999999999822,0.16225475761821,1.0,-0.4546073454260966,-0.2923525878078866
261,1.049999999999982,0.0952424597408855,1.0,-0.09203728594829018,0.0032051737925953144
262,1.099999999999982,0.0566685601452458,1.0,-0.17818364226545536,-0.12151508212020956
263,1.1499999999999817,0.0383223213820711,1.0,-0.281070665007392,-0.24274834362532088
264,1.1999999999999815,0.0275823523582674,1.0,0.21642874533920167,0.24401109769746906
265,1.2499999999999811,0.0177716204855998,1.0,-0.03890379168962043,-0.021132171204020632
266,1.2999999999999812,0.0088604817865079,1.0,-0.30115806192104694,-0.29229758013453905
267,1.349999999999981,0.0025901990580028,1.0,0.12864779581411262,0.13123799487211543
268,1.3999999999999808,0.0,1.0,-0.5746536351247843,-0.5746536351247843
269,1.4499999999999806,0.0013319043624256,1.0,0.30689700638433043,0.308228910746756
270,1.4999999999999805,0.0064949575978,1.0,0.4605974201252676,0.4670923777230676
271,1.5499999999999805,0.0153688803392084,1.0,-0.0570399862329855,-0.0416711058937771
272,1.59999999999998,0.0279035327313331,1.0,-0.30621076350870446,-0.27830723077737135
273,1.64999999999998,0.0441024608144082,1.0,-0.06956176744705869,-0.025459306632650495
274,1.6999999999999795,0.0639570651265693,1.0,0.3983643884950816,0.4623214536216509
275,1.7499999999999796,0.087370796112071,1.0,0.16230508236783722,0.24967587847990824
276,1.7999999999999794,0.1140953019668712,1.0,-0.0036580455610488744,0.11043725640582233
277,1.8499999999999792,0.1436795829242541,1.0,0.034174475056907426,0.17785405798116152
278,1.899999999999979,0.1754125488963251,1.0,0.04771827609745417,0.22313082499377926
279,1.9499999999999789,0.2082526965395948,1.0,0.19736937129402846,0.40562206783362326
280,1.999999999999979,0.2408018016404178,1.0,-0.010917930829088623,0.2298838708113292
281,2.0499999999999785,0.2714194171011,1.0,0.13493169404810357,0.4063511111492036
282,2.0999999999999783,0.2984991505909843,1.0,0.19979599095535983,0.49829514154634413
283,2.149999999999978,0.3207926800837716,1.0,0.10877733396128333,0.4295700140450549
284,2.199999999999978,0.3376284912692414,1.0,-0.02212085270327966,0.3155076385659617
285,2.249999999999978,0.3489592723423224,1.0,0.09295595946587797,0.44191523180820036
286,2.2999999999999776,0.35527316600067,1.0,0.10193096369225924,0.45720412969292923
287,2.349999999999977,0.3574378955367283,1.0,0.06876197732159411,0.4261998728583224
288,2.3999999999999773,0.3565281192676336,1.0,0.18891021664203378,0.5454383359096674
289,2.449999999999977,0.3536617959594364,1.0,0.2000641512583671,0.5537259472178035
290,2.499999999999977,0.3498616193808277,1.0,0.18773218254040316,0.5375938019212309
291,2.5499999999999767,0.345956113635629,1.0,0.09156464023833094,0.43752075387395994
292,2.599999999999977,0.3425298756378535,1.0,0.39918315632276713,0.7417130319606207
293,2.6499999999999764,0.3399212151112533,1.0,-0.21545567113976846,0.12446554397148482
294,2.699999999999976,0.3382541820029333,1.0,-0.48239659139253144,-0.14414240938959816
295,2.749999999999976,0.3374867677723599,1.0,0.009434805828580075,0.34692157360094
296,2.799999999999976,0.3374585878543693,1.0,0.03739227869014295,0.3748508665445122
297,2.849999999999976,0.337926109751948,1.0,0.28730101136110764,0.6252271211130556
298,2.8999999999999755,0.3385777877461858,1.0,-0.2400228698575808,0.09855491788860499
299,2.9499999999999758,0.3390240225228982,1.0,0.3523555843666925,0.6913796068895908
300,2.999999999999975,0.3387596099748224,1.0,-0.18323567702299878,0.15552393295182362
301,3.049999999999975,0.3371043267899996,1.0,-0.006098228006574426,0.33100609878342513
302,3.0999999999999748,0.3331469712563157,1.0,-0.19677046997702283,0.13637650127929288
303,3.1499999999999746,0.3257500395414267,1.0,-0.12940238662358736,0.19634765291783932
304,3.1999999999999744,0.3136945320868851,1.0,0.02230463387754129,0.33599916596442636
305,3.2499999999999742,0.2960022277461431,1.0,-0.1883464040781975,0.1076558236679456
306,3.299999999999974,0.2723256023923509,1.0,0.28811474406646626,0.5604403464588171
307,3.349999999999974,0.2431548063205865,1.0,0.269780390776323,0.5129351970969095
308,3.3999999999999737,0.2097238720563227,1.0,-0.01416315952156146,0.19556071253476123
309,3.449999999999973,0.1738463487367201,1.0,0.10807402459851044,0.28192037333523057
310,3.4999999999999734,0.1378564080453349,1.0,-0.030563309129570244,0.10729309891576465
311,3.549999999999973,0.1043601872639052,1.0,0.009823789016238009,0.1141839762801432
312,3.599999999999973,0.0755949033438656,1.0,0.3089565246888355,0.3845514280327011
313,3.649999999999973,0.052823171722581,1.0,-0.351606835543933,-0.298783663821352
314,3.6999999999999726,0.0362302120514847,1.0,0.16916646448656952,0.2053966765380542
315,3.749999999999973,0.0252512486947826,1.0,0.11723109440639315,0.14248234310117575
316,3.799999999999972,0.0189840940551051,1.0,-0.33236388193901284,-0.31337978788390775
317,3.849999999999972,0.0164764834615665,1.0,-0.16322610679223515,-0.14674962333066865
318,3.899999999999972,0.0168654268633109,1.0,-0.031632088950484034,-0.014766662087173133
319,3.949999999999972,0.0194209274159654,1.0,-0.12178758183575494,-0.10236665441978954
320,-4.0,0.6108135220616965,2.0,0.3142826964643052,0.9250962185260017
321,-3.95,0.6113141264020899,2.0,0.22616068416282897,0.8374748105649189
322,-3.9,0.6119218380277646,2.0,-0.19682491201257496,0.4150969260151896
323,-3.850000000000001,0.6126471406118499,2.0,0.05325549303758991,0.6659026336494398
324,-3.8000000000000007,0.6135013884175105,2.0,-0.12552909185380648,0.487972296563704
325,-3.750000000000001,0.6144968702113893,2.0,0.15946646546312238,0.7739633356745117
326,-3.700000000000001,0.6156468664798793,2.0,-0.0901176897534864,0.5255291767263929
327,-3.650000000000001,0.6169656967982049,2.0,0.26928361805184325,0.8862493148500481
328,-3.6000000000000014,0.6184687535667103,2.0,0.22279221209940375,0.8412609656661141
329,-3.5500000000000016,0.620172517623327,2.0,-0.01944990805260111,0.6007226095707259
330,-3.5000000000000018,0.6220945504797936,2.0,-0.10576507098105585,0.5163294794987378
331,-3.450000000000002,0.6242534571373579,2.0,-0.2911162344659867,0.3331372226713712
332,-3.400000000000002,0.626668812656507,2.0,0.047410882423394654,0.6740796950799016
333,-3.3500000000000023,0.6293610449457392,2.0,0.2580084540592546,0.8873694990049938
334,-3.3000000000000025,0.6323512656814839,2.0,-0.28096252807576255,0.35138873760572137
335,-3.2500000000000027,0.6356610409874072,2.0,-0.026745300001600966,0.6089157409858063
336,-3.200000000000003,0.639312093627743,2.0,0.1043404231104504,0.7436525167381934
337,-3.150000000000003,0.6433259291736592,2.0,-0.5654620820194732,0.07786384715418593
338,-3.100000000000003,0.6477233800706877,2.0,0.06341241314323273,0.7111357932139205
339,-3.050000000000004,0.6525240639590131,2.0,-0.10546183828919797,0.5470622256698151
340,-3.000000000000004,0.6577457561470239,2.0,0.012887963649629342,0.6706337197966532
341,-2.950000000000004,0.6634036809289966,2.0,-0.49517671261253715,0.16822696831645945
342,-2.900000000000004,0.6695097324960299,2.0,-0.35673908087950773,0.3127706516165221
343,-2.850000000000004,0.6760716434117319,2.0,0.15744633716507594,0.8335179805768078
344,-2.8000000000000043,0.6830921267473797,2.0,0.30557630881110553,0.9886684355584853
345,-2.7500000000000044,0.6905680265612211,2.0,-0.24440297535480562,0.4461650512064155
346,-2.7000000000000046,0.6984895198697033,2.0,0.37619569839275946,1.0746852182624629
347,-2.650000000000005,0.7068394208712481,2.0,0.16102426889557614,0.8678636897668242
348,-2.600000000000005,0.7155926441194802,2.0,0.14335619801756821,0.8589488421370484
349,-2.550000000000005,0.7247158866636874,2.0,0.10529293905152465,0.8300088257152121
350,-2.5000000000000053,0.7341675887528053,2.0,0.3797265532211308,1.113894141973936
351,-2.450000000000005,0.7438982270876541,2.0,-0.13980409205651476,0.6040941350311393
352,-2.4000000000000057,0.7538509819327519,2.0,-0.1937628073920269,0.560088174540725
353,-2.350000000000006,0.7639627974765415,2.0,-0.07768798319260124,0.6862748142839402
354,-2.300000000000006,0.7741658217000618,2.0,-0.19116119663814385,0.5830046250619179
355,-2.250000000000006,0.7843891670531031,2.0,-0.04050683487363709,0.7438823321794661
356,-2.2000000000000064,0.7945608786009596,2.0,-0.04528891583572308,0.7492719627652366
357,-2.1500000000000066,0.8046099380447028,2.0,1.4152569466426225e-05,0.8046240906141693
358,-2.1000000000000068,0.8144680797582239,2.0,-0.15353548854696406,0.6609325912112598
359,-2.050000000000007,0.8240711591397086,2.0,-0.07873746949106843,0.7453336896486402
360,-2.000000000000007,0.8333597997903122,2.0,0.29781309523311755,1.1311728950234297
361,-1.9500000000000075,0.8422790477130918,2.0,0.062424587305712785,0.9047036350188046
362,-1.9000000000000077,0.8507767512277623,2.0,0.18009161673951268,1.030868367967275
363,-1.850000000000008,0.8588003104232816,2.0,0.08586378617463103,0.9446640965979127
364,-1.8000000000000078,0.8662912072559731,2.0,-0.21093966629902136,0.6553515409569517
365,-1.750000000000008,0.8731761789280101,2.0,0.04613303642202527,0.9193092153500354
366,-1.7000000000000082,0.8793527299719112,2.0,-0.23449069965720276,0.6448620303147083
367,-1.6500000000000083,0.8846642170384212,2.0,-0.33671037539188464,0.5479538416465366
368,-1.6000000000000083,0.8888542929392054,2.0,-0.29239638473790985,0.5964579082012955
369,-1.5500000000000087,0.8914774959211971,2.0,0.05142665137034853,0.9429041472915456
370,-1.5000000000000089,0.8917092517394084,2.0,0.09785711273986047,0.9895663644792689
371,-1.450000000000009,0.8879065804224809,2.0,-0.2413502917755464,0.6465562886469345
372,-1.4000000000000092,0.8765115132097596,2.0,-0.14689875674726524,0.7296127564624943
373,-1.3500000000000094,0.8492308902355312,2.0,0.10834754530938714,0.9575784355449184
374,-1.3000000000000096,0.7871804351403907,2.0,0.01320963005332027,0.800390065193711
375,-1.2500000000000098,0.6679077688198186,2.0,-0.12038885338982307,0.5475189154299955
376,-1.20000000000001,0.5941986797552694,2.0,-0.280621992375224,0.3135766873800454
377,-1.15000000000001,0.6998337916886058,2.0,0.16864123181095808,0.868475023499564
378,-1.1000000000000103,0.513440825149188,2.0,0.003995560480250223,0.5174363856294382
379,-1.0500000000000105,0.2593691733132315,2.0,0.19681975465172755,0.456188927964959
380,-1.0000000000000109,0.1595083221181814,2.0,-0.11755445375620585,0.04195386836197554
381,-0.9500000000000108,0.2233455807623698,2.0,0.08656567715409323,0.309911257916463
382,-0.900000000000011,0.4395031616881486,2.0,0.2279495419406913,0.6674527036288399
383,-0.8500000000000112,0.4704185406992398,2.0,0.23186267008946107,0.7022812107887009
384,-0.8000000000000114,0.5781929266921387,2.0,0.11488963566662971,0.6930825623587684
385,-0.7500000000000115,0.9326607025177996,2.0,0.24732268988365375,1.1799833924014533
386,-0.7000000000000117,0.999999999999999,2.0,0.27159820380817407,1.271598203808173
387,-0.6500000000000119,0.9766328922877932,2.0,0.12496069114052102,1.1015935834283141
388,-0.6000000000000121,0.8471451507892963,2.0,-0.02218608473506218,0.8249590660542341
389,-0.5500000000000123,0.7280700352893938,2.0,0.07359468589361494,0.8016647211830088
390,-0.5000000000000124,0.7165555291418592,2.0,-0.16407019851846918,0.55248533062339
391,-0.4500000000000126,0.692631409444438,2.0,-0.3396174103216176,0.35301399912282044
392,-0.4000000000000128,0.6580452865541273,2.0,-0.12738563851321638,0.5306596480409109
393,-0.3500000000000129,0.5988916146090372,2.0,0.04369104580987796,0.6425826604189151
394,-0.3000000000000131,0.510773739024803,2.0,0.1034671016828541,0.6142408407076572
395,-0.2500000000000133,0.4192831345601938,2.0,-0.1794436673177809,0.23983946724241287
396,-0.2000000000000135,0.3086593946222706,2.0,0.17635212502994344,0.485011519652214
397,-0.1500000000000136,0.2041671366803467,2.0,-0.09047728897700309,0.1136898477033436
398,-0.1000000000000138,0.1918197099220418,2.0,-0.0490237072161915,0.1427960027058503
399,-0.050000000000014,0.2256136336542236,2.0,0.06889062108187434,0.2945042547360979
400,-1.4210854715202004e-14,0.2505279542947093,2.0,0.027775668606901945,0.27830362290161126
401,0.0499999999999856,0.256844391862481,2.0,-0.22662487822921218,0.030219513633268802
402,0.0999999999999854,0.2515853601774427,2.0,0.2227852643044844,0.47437062448192713
403,0.1499999999999852,0.2414370239094973,2.0,0.24654977570506334,0.48798679961456065
404,0.199999999999985,0.2306124002680865,2.0,-0.03268014748756357,0.19793225278052293
405,0.2499999999999849,0.2219187241439931,2.0,0.3235496157364114,0.5454683398804046
406,0.2999999999999847,0.2174301423135413,2.0,-0.2157931250861403,0.0016370172274010053
407,0.3499999999999845,0.2187009635863449,2.0,0.022138918695994225,0.2408398822823391
408,0.3999999999999843,0.2269317602445247,2.0,0.46787348188468114,0.6948052421292058
409,0.4499999999999842,0.2432346275115349,2.0,0.016732195324356252,0.2599668228358912
410,0.499999999999984,0.268764988161345,2.0,-0.17525161955456448,0.0935133686067805
411,0.5499999999999838,0.3041682886673643,2.0,0.21299140086372506,0.5171596895310894
412,0.5999999999999837,0.3461779928901767,2.0,-0.21981459201012557,0.12636340088005113
413,0.6499999999999835,0.384659657450364,2.0,-0.1728574562998208,0.2118022011505432
414,0.6999999999999833,0.4099583994370327,2.0,-0.013717382354339482,0.3962410170826932
415,0.7499999999999831,0.4170737369592275,2.0,-0.03930487566582313,0.37776886129340437
416,0.799999999999983,0.3991926213676507,2.0,-0.26853556762421843,0.13065705374343228
417,0.8499999999999828,0.3413946117655115,2.0,0.19160580822582127,0.5330004199913327
418,0.8999999999999826,0.2370971461945602,2.0,-0.10499502664482029,0.13210211954973994
419,0.9499999999999824,0.1315367675352989,2.0,0.01580540577785555,0.14734217331315444
420,0.9999999999999822,0.0673272150363027,2.0,0.3129016516463837,0.3802288666826864
421,1.049999999999982,0.0369853152244475,2.0,-0.16703710650138615,-0.13005179127693864
422,1.099999999999982,0.0212869637089631,2.0,-0.14615772517362288,-0.12487076146465978
423,1.1499999999999817,0.0133491452333312,2.0,0.078020386839077,0.0913695320724082
424,1.1999999999999815,0.0108435767435554,2.0,-0.30137787760014123,-0.2905343008565858
425,1.2499999999999811,0.0114279370500865,2.0,0.1609114986331991,0.17233943568328558
426,1.2999999999999812,0.0139568631065603,2.0,-0.24059510153109298,-0.22663823842453268
427,1.349999999999981,0.0180386780067575,2.0,-0.12764971707551487,-0.10961103906875737
428,1.3999999999999808,0.0234757152897713,2.0,0.0063325128392010864,0.029808228128972384
429,1.4499999999999806,0.0299328111759889,2.0,-0.11774826420304921,-0.08781545302706031
430,1.4999999999999805,0.0369117633144121,2.0,-0.07036185329942403,-0.03345008998501193
431,1.5499999999999805,0.0440458849380386,2.0,-0.14127356470577204,-0.09722767976773344
432,1.59999999999998,0.0513946109899859,2.0,0.07639783379636651,0.1277924447863524
433,1.64999999999998,0.0593973055432716,2.0,-0.3815969328805133,-0.32219962733724167
434,1.6999999999999795,0.0685313376429069,2.0,0.00734357353775946,0.07587491118066636
435,1.7499999999999796,0.0789245530085195,2.0,0.35615987572683283,0.43508442873535236
436,1.7999999999999794,0.090109471028633,2.0,0.20409405531968816,0.29420352634832114
437,1.8499999999999792,0.1010344786760391,2.0,0.2681823432317988,0.3692168219078379
438,1.899999999999979,0.1103501840553499,2.0,0.15982239734360648,0.2701725813989564
439,1.9499999999999789,0.1168230763160093,2.0,-0.07206498863678193,0.04475808767922737
440,1.999999999999979,0.1196559184764975,2.0,-0.09215293225779414,0.027502986218703354
441,2.0499999999999785,0.118602512751875,2.0,0.2190898367090087,0.33769234946088367
442,2.0999999999999783,0.1139132093453264,2.0,-0.1907931212562225,-0.0768799119108961
443,2.149999999999978,0.1062016724322295,2.0,0.23594288284194812,0.34214455527417764
444,2.199999999999978,0.0962966240652348,2.0,0.023653539513500403,0.1199501635787352
445,2.249999999999978,0.0851037507800869,2.0,0.267180173411779,0.35228392419186594
446,2.2999999999999776,0.0734859540099204,2.0,0.04055664177185656,0.11404259578177697
447,2.349999999999977,0.0621700409567551,2.0,-0.03646018238589613,0.025709858570858973
448,2.3999999999999773,0.0516897316285566,2.0,-0.08192538869011133,-0.030235657061554733
449,2.449999999999977,0.0423700207726168,2.0,-0.20227767753830272,-0.1599076567656859
450,2.499999999999977,0.0343479675292594,2.0,0.07083981216153204,0.10518777969079143
451,2.5499999999999767,0.0276164199600769,2.0,0.028443118575961046,0.05605953853603794
452,2.599999999999977,0.022074751938919,2.0,0.00282854631164184,0.02490329825056084
453,2.6499999999999764,0.0175742316410262,2.0,0.2378590762853097,0.2554333079263359
454,2.699999999999976,0.0139517672574693,2.0,-0.1650528592660594,-0.1511010920085901
455,2.749999999999976,0.0110511478147449,2.0,-0.03530697160272583,-0.024255823787980926
456,2.799999999999976,0.0087340023235926,2.0,0.3433168459164071,0.3520508482399997
457,2.849999999999976,0.0068836821789581,2.0,0.0017848677025865541,0.008668549881544654
458,2.8999999999999755,0.0054049717478872,2.0,0.3466054536173634,0.35201042536525057
459,2.9499999999999758,0.0042217474849362,2.0,0.013733208292286567,0.017954955777222767
460,2.999999999999975,0.0032739163835155,2.0,0.07431268486892832,0.07758660125244382
461,3.049999999999975,0.0025143617661535,2.0,0.002147879130406194,0.004662240896559694
462,3.0999999999999748,0.0019062319806524,2.0,-0.09824799026691214,-0.09634175828625974
463,3.1499999999999746,0.0014206816064308,2.0,-0.2409782066503931,-0.2395575250439623
464,3.1999999999999744,0.0010350597114555,2.0,-0.16468375761812917,-0.16364869790667366
465,3.2499999999999742,0.0007314903313344,2.0,-0.4064641600107363,-0.4057326696794019
466,3.299999999999974,0.0004957761230298,2.0,-0.24183774712419637,-0.24134197100116656
467,3.349999999999974,0.0003165586813502,2.0,-0.47557147961118057,-0.47525492092983035
468,3.3999999999999737,0.0001846781767481,2.0,-0.3429037349259517,-0.3427190567492036
469,3.449999999999973,9.268568712315597e-05,2.0,0.1855892068483292,0.18568189253545234
470,3.4999999999999734,3.447157670888926e-05,2.0,-0.0869184582510613,-0.08688398667435242
471,3.549999999999973,4.981704341474281e-06,2.0,0.25288846761224887,0.25289344931659036
472,3.599999999999973,0.0,2.0,-0.0022073592003737648,-0.0022073592003737648
473,3.649999999999973,1.598120217081736e-05,2.0,-0.25597624547174547,-0.25596026426957463
474,3.6999999999999726,4.992156002924676e-05,2.0,0.06614666467369272,0.06619658623372197
475,3.749999999999973,9.925833473859955e-05,2.0,-0.028177398792900703,-0.028078140458162103
476,3.799999999999972,0.0001617912098374,2.0,-0.29706961271688287,-0.2969078215070455
477,3.849999999999972,0.0002356204249519,2.0,0.06652590825823268,0.06676152868318458
478,3.899999999999972,0.0003190977225284,2.0,0.07872007768211531,0.07903917540464371
479,3.949999999999972,0.0004107871524285,2.0,0.1255579164953134,0.1259687036477419
480,-4.0,0.9934812768761548,3.0,0.051775283656879785,1.0452565605330346
481,-3.95,0.9926553767744092,3.0,-0.07799779349193553,0.9146575832824737
482,-3.9,0.9916847514775452,3.0,-0.1130726606709803,0.8786120908065649
483,-3.850000000000001,0.9905533200045976,3.0,0.11982053840785382,1.1103738584124514
484,-3.8000000000000007,0.9892409009184724,3.0,-0.056268172861164444,0.9329727280573079
485,-3.750000000000001,0.9877221817081128,3.0,-0.20052907347246257,0.7871931082356503
486,-3.700000000000001,0.9859654430638612,3.0,-0.243742981763467,0.7422224613003943
487,-3.650000000000001,0.98393100006497,3.0,-0.05520977649138823,0.9287212235735818
488,-3.6000000000000014,0.9815693330362276,3.0,0.07284102162092262,1.0544103546571502
489,-3.5500000000000016,0.9788189063145956,3.0,0.03716775483926999,1.0159866611538655
490,-3.5000000000000018,0.9756037227847408,3.0,0.27525939069893907,1.2508631134836798
491,-3.450000000000002,0.9718307496825416,3.0,0.19026551645137615,1.1620962661339178
492,-3.400000000000002,0.9673874959990082,3.0,-0.08761195592883037,0.8797755400701779
493,-3.3500000000000023,0.9621402467202456,3.0,-0.07265536152698827,0.8894848851932573
494,-3.3000000000000025,0.9559337827173898,3.0,-0.3751233095834665,0.5808104731339233
495,-3.2500000000000027,0.9485938306335056,3.0,0.11214663281378079,1.0607404634472863
496,-3.200000000000003,0.9399339211911284,3.0,-0.03796429521202118,0.9019696259791072
497,-3.150000000000003,0.9297685863000336,3.0,-0.29525512062349235,0.6345134656765412
498,-3.100000000000003,0.9179345169782204,3.0,-0.1454359055143654,0.772498611463855
499,-3.050000000000004,0.904319922418189,3.0,0.018489657690265577,0.9228095801084546
500,-3.000000000000004,0.8888994913298507,3.0,0.3527608120411362,1.241660303370987
501,-2.950000000000004,0.8717683454506189,3.0,0.059635317970786195,0.9314036634214051
502,-2.900000000000004,0.8531647040061294,3.0,0.3499016098942841,1.2030663139004134
503,-2.850000000000004,0.833470248195091,3.0,-0.18277439673778398,0.650695851457307
504,-2.8000000000000043,0.8131815902230484,3.0,-0.09578379416758714,0.7173977960554612
505,-2.7500000000000044,0.7928553521993948,3.0,-0.09908130152385107,0.6937740506755438
506,-2.7000000000000046,0.7730391442047935,3.0,-0.10949595932167115,0.6635431848831224
507,-2.650000000000005,0.7542058913188382,3.0,0.14118036132027525,0.8953862526391134
508,-2.600000000000005,0.7367068117600185,3.0,-0.13445393664745733,0.6022528751125612
509,-2.550000000000005,0.7207507208678648,3.0,0.10288924147442517,0.82363996234229
510,-2.5000000000000053,0.7064087064263852,3.0,-0.036998732240702194,0.669409974185683
511,-2.450000000000005,0.6936373087874258,3.0,-0.05109421280070177,0.642543095986724
512,-2.4000000000000057,0.6823112889198822,3.0,0.09107404497434037,0.7733853338942226
513,-2.350000000000006,0.6722579646663869,3.0,-0.4748137126091974,0.19744425205718946
514,-2.300000000000006,0.6632874075718258,3.0,-0.05609196504771808,0.6071954425241077
515,-2.250000000000006,0.6552153469669176,3.0,-0.1853033599482884,0.46991198701862924
516,-2.2000000000000064,0.6478778227503069,3.0,0.25690978097193834,0.9047876037222453
517,-2.1500000000000066,0.6411382473928177,3.0,-0.15397481672243463,0.48716343067038304
518,-2.1000000000000068,0.6348885432461433,3.0,0.288340299715038,0.9232288429611812
519,-2.050000000000007,0.6290464540303493,3.0,0.05229893466254987,0.6813453886928992
520,-2.000000000000007,0.6235510846253227,3.0,0.17936214847828474,0.8029132331036075
521,-1.9500000000000075,0.6183583412152076,3.0,0.06869480569099048,0.6870531469061981
522,-1.9000000000000077,0.6134373863170607,3.0,0.06895878906912414,0.6823961753861848
523,-1.850000000000008,0.6087686402846958,3.0,-0.0008451918168691514,0.6079234484678266
524,-1.8000000000000078,0.6043433623514879,3.0,-0.008740098739901983,0.5956032636115859
525,-1.750000000000008,0.600164487957353,3.0,0.12751320864829874,0.7276776966056517
526,-1.7000000000000082,0.59624819655451,3.0,0.08476670992613895,0.681014906480649
527,-1.6500000000000083,0.5926256173291989,3.0,-0.15680868192446765,0.4358169354047313
528,-1.6000000000000083,0.589344120151521,3.0,-0.14678696235845584,0.4425571577930652
529,-1.5500000000000087,0.5864677583447656,3.0,-0.08582721455392982,0.5006405437908358
530,-1.5000000000000089,0.5840766088886429,3.0,0.1963239154015371,0.7804005242901799
531,-1.450000000000009,0.5822649825215045,3.0,-0.3137734861727265,0.268491496348778
532,-1.4000000000000092,0.5811387458037228,3.0,0.034239603171831653,0.6153783489755544
533,-1.3500000000000094,0.580812313372303,3.0,0.3363692541798902,0.9171815675521933
534,-1.3000000000000096,0.5814062503154002,3.0,0.22328292707414138,0.8046891773895415
535,-1.2500000000000098,0.5830469133412006,3.0,-0.12558542149912022,0.4574614918420804
536,-1.20000000000001,0.5858702219800183,3.0,-0.4828237697734932,0.10304645220652503
537,-1.15000000000001,0.5900325711306261,3.0,-0.2423083652956121,0.34772420583501407
538,-1.1000000000000103,0.5957331456909114,3.0,0.12464075864580963,0.720373904336721
539,-1.0500000000000105,0.6032534545899727,3.0,0.1370079453420359,0.7402613999320086
540,-1.0000000000000109,0.6130214020499548,3.0,-0.08380926887731234,0.5292121331726425
541,-0.9500000000000108,0.6257072489702975,3.0,0.10247017912680602,0.7281774280971035
542,-0.900000000000011,0.6423531278728083,3.0,0.01695265744046398,0.6593057853132722
543,-0.8500000000000112,0.6645151844084026,3.0,-0.23449342863571576,0.43002175577268686
544,-0.8000000000000114,0.6943322715552902,3.0,0.29338295337823067,0.9877152249335208
545,-0.7500000000000115,0.734281170793119,3.0,0.10191379364391481,0.8361949644370339
546,-0.7000000000000117,0.7861124901561775,3.0,-0.3806953228338457,0.40541716732233174
547,-0.6500000000000119,0.8483724187239436,3.0,-0.20229880707243045,0.6460736116515132
548,-0.6000000000000121,0.9132242486867856,3.0,-0.2597019735081533,0.6535222751786323
549,-0.5500000000000123,0.9668508591112386,3.0,0.04961831774576655,1.016469176857005
550,-0.5000000000000124,0.9972848118695652,3.0,0.06428576895186706,1.0615705808214322
551,-0.4500000000000126,0.999999999999998,3.0,0.07780258475453654,1.0778025847545345
552,-0.4000000000000128,0.9665708979010592,3.0,0.005622584121557612,0.9721934820226168
553,-0.3500000000000129,0.8621443005224969,3.0,0.19249054767023735,1.0546348481927343
554,-0.3000000000000131,0.6412179707485753,3.0,0.08831408136535875,0.7295320521139341
555,-0.2500000000000133,0.3779742997841264,3.0,-0.08964739126029818,0.2883269085238282
556,-0.2000000000000135,0.2194907218747314,3.0,0.33906068911121046,0.5585514109859419
557,-0.1500000000000136,0.1643898102764503,3.0,-0.15012115112902047,0.014268659147429835
558,-0.1000000000000138,0.1268783286046723,3.0,-0.0717911759478915,0.0550871526567808
559,-0.050000000000014,0.073359665166487,3.0,0.1653771353589855,0.23873680052547247
560,-1.4210854715202004e-14,0.0253512052301002,3.0,0.3119529478185824,0.3373041530486826
561,0.0499999999999856,0.0,3.0,0.32582605720180136,0.32582605720180136
562,0.0999999999999854,0.0003596888148713,3.0,-0.14466455968288627,-0.14430487086801497
563,0.1499999999999852,0.0352681794955593,3.0,0.17739612676409108,0.21266430625965038
564,0.199999999999985,0.1095368864067066,3.0,0.2488366867785781,0.3583735731852847
565,0.2499999999999849,0.1564995796347834,3.0,0.11007635784872322,0.2665759374835066
566,0.2999999999999847,0.1307543402898276,3.0,-0.019612715522748833,0.11114162476707877
567,0.3499999999999845,0.1570006386783628,3.0,0.25333567327332873,0.4103363119516915
568,0.3999999999999843,0.291388232706846,3.0,0.15785231878546363,0.4492405514923096
569,0.4499999999999842,0.4615193632565975,3.0,0.1494162919886402,0.6109356552452376
570,0.499999999999984,0.5312779274175417,3.0,-0.013722924218660556,0.5175550031988811
571,0.5499999999999838,0.5113781277664154,3.0,-0.17122280414452398,0.3401553236218915
572,0.5999999999999837,0.4618469374777197,3.0,-0.27794127614263175,0.18390566133508796
573,0.6499999999999835,0.4220474627169133,3.0,0.42918066452177783,0.8512281272386911
574,0.6999999999999833,0.4130791781305552,3.0,0.12442269999505656,0.5375018781256118
575,0.7499999999999831,0.441604367389153,3.0,-0.17795818355679294,0.26364618383236005
576,0.799999999999983,0.5116152071475721,3.0,0.059902721894614055,0.5715179290421862
577,0.8499999999999828,0.6141200205071651,3.0,-0.004849126200385179,0.6092708943067799
578,0.8999999999999826,0.7211982538702262,3.0,-0.2964571985669673,0.4247410553032589
579,0.9499999999999824,0.8097032098785616,3.0,-0.01642357991944348,0.7932796299591182
580,0.9999999999999822,0.8729569693651559,3.0,-0.2029208486442282,0.6700361207209277
581,1.049999999999982,0.9143407210533128,3.0,0.0752152467093543,0.9895559677626671
582,1.099999999999982,0.9397377823190112,3.0,-0.19603569845412525,0.7437020838648859
583,1.1499999999999817,0.954111593187352,3.0,-0.10088641901126594,0.853225174176086
584,1.1999999999999815,0.9606858362497094,3.0,0.057405166186521146,1.0180910024362306
585,1.2499999999999811,0.9610854319868022,3.0,-0.26858934008053487,0.6924960919062673
586,1.2999999999999812,0.9556712200545302,3.0,-0.042911271436117455,0.9127599486184127
587,1.349999999999981,0.9437919656918234,3.0,-0.046233899638571274,0.8975580660532522
588,1.3999999999999808,0.9238916648018608,3.0,-0.20908581354943073,0.71480585125243
589,1.4499999999999806,0.8935240525628156,3.0,0.012384312276651245,0.9059083648394669
590,1.4999999999999805,0.8494479366006897,3.0,-0.419781735452612,0.42966620114807774
591,1.5499999999999805,0.7881760918857185,3.0,0.13108958626168132,0.9192656781473998
592,1.59999999999998,0.7075205092357822,3.0,0.3178269787211783,1.0253474879569606
593,1.64999999999998,0.6092511049509685,3.0,0.16062311640375418,0.7698742213547226
594,1.6999999999999795,0.5012712366744743,3.0,-0.019856561958013177,0.4814146747164611
595,1.7499999999999796,0.3961717683476469,3.0,0.006873494808881017,0.4030452631565279
596,1.7999999999999794,0.3056977238511318,3.0,-0.06430372351349654,0.24139400033763525
597,1.8499999999999792,0.2358682901736435,3.0,-0.17173060225036454,0.06413768792327895
598,1.899999999999979,0.1867116169153469,3.0,-0.2634990229491333,-0.07678740603378639
599,1.9499999999999789,0.1550564783446742,3.0,0.1397713891077224,0.29482786745239664
600,1.999999999999979,0.137167819348657,3.0,-0.1063428919942015,0.030824927354455495
601,2.0499999999999785,0.1300766945216165,3.0,-0.07048123635684332,0.05959545816477317
602,2.0999999999999783,0.1319164980621145,3.0,0.1753245199666264,0.30724101802874093
603,2.149999999999978,0.1417478676165272,3.0,-0.16477256989189393,-0.023024702275366737
604,2.199999999999978,0.1591828394833067,3.0,0.004911467057627789,0.1640943065409345
605,2.249999999999978,0.1839748611819294,3.0,0.249675196013868,0.4336500571957974
606,2.2999999999999776,0.2156580650263559,3.0,0.061573062183099984,0.27723112720945586
607,2.349999999999977,0.2532996980006112,3.0,0.039169186864414486,0.2924688848650257
608,2.3999999999999773,0.2954305022294358,3.0,-0.05056506827649244,0.24486543395294336
609,2.449999999999977,0.340179508934403,3.0,0.2394203973155978,0.5795999062500008
610,2.499999999999977,0.3855579734074387,3.0,0.1933808323382305,0.5789388057456692
611,2.5499999999999767,0.4297714961761315,3.0,0.18412710001201948,0.6138985961881509
612,2.599999999999977,0.4714442280028571,3.0,0.25051013921662896,0.7219543672194861
613,2.6499999999999764,0.5097040844686783,3.0,-0.1599967941494671,0.3497072903192112
614,2.699999999999976,0.5441477872860375,3.0,-0.06687583627922801,0.4772719510068095
615,2.749999999999976,0.5747387899754729,3.0,-0.11633265482297646,0.45840613515249645
616,2.799999999999976,0.6016885607663307,3.0,-0.11203993184317114,0.4896486289231596
617,2.849999999999976,0.6253521451675828,3.0,-0.25877708790501736,0.3665750572625654
618,2.8999999999999755,0.6461497424329697,3.0,0.12586271041129274,0.7720124528442625
619,2.9499999999999758,0.6645140846506759,3.0,0.09174591361664033,0.7562599982673162
620,2.999999999999975,0.6808583569066907,3.0,-0.16628443433244644,0.5145739225742443
621,3.049999999999975,0.6955585579014719,3.0,0.2914071791921306,0.9869657370936025
622,3.0999999999999748,0.708945203706414,3.0,0.18891429050585584,0.8978594942122698
623,3.1499999999999746,0.7213007277192741,3.0,0.0021755801929718675,0.7234763079122459
624,3.1999999999999744,0.7328602111167938,3.0,0.11325648225369915,0.8461166933704929
625,3.2499999999999742,0.7438140133186143,3.0,0.16576814470559859,0.9095821580242129
626,3.299999999999974,0.7543114781421557,3.0,-0.20511217917483857,0.5491992989673171
627,3.349999999999974,0.7644652472456617,3.0,0.07174378365887593,0.8362090309045376
628,3.3999999999999737,0.7743559010048493,3.0,-0.2239387635288397,0.5504171374760096
629,3.449999999999973,0.7840367353517245,3.0,-0.0763303589026091,0.7077063764491154
630,3.4999999999999734,0.7935385193813379,3.0,-0.07692645582093267,0.7166120635604052
631,3.549999999999973,0.8028740938933655,3.0,-0.12493904874010571,0.6779350451532598
632,3.599999999999973,0.8120426834865007,3.0,0.08012284831752822,0.8921655318040289
633,3.649999999999973,0.8210338127926471,3.0,0.11646942154267118,0.9375032343353182
634,3.6999999999999726,0.8298307429095279,3.0,-0.06864095433604128,0.7611897885734866
635,3.749999999999973,0.838413375207596,3.0,0.08451833528827962,0.9229317104958756
636,3.799999999999972,0.8467606028181349,3.0,-0.3271873286183695,0.5195732741997654
637,3.849999999999972,0.8548521213679894,3.0,-0.14398374888948628,0.7108683724785031
638,3.899999999999972,0.8626697367543144,3.0,0.3318766281372717,1.1945463648915862
639,3.949999999999972,0.8701982270063925,3.0,0.30027691531013273,1.1704751423165252
640,-4.0,0.999999999999999,4.0,-0.15226192253476467,0.8477380774652343
641,-3.95,0.9998795545522536,4.0,0.09718050683955254,1.0970600613918062
642,-3.9,0.9997404574807064,4.0,0.06856543261277795,1.0683058900934843
643,-3.850000000000001,0.9995798780053564,4.0,-0.042933852808989904,0.9566460251963665
644,-3.8000000000000007,0.9993945357806262,4.0,-0.506967993237939,0.49242654254268725
645,-3.750000000000001,0.9991806542907804,4.0,0.1469142068303488,1.1460948611211292
646,-3.700000000000001,0.998933926476724,4.0,0.10692479995845743,1.1058587264351813
647,-3.650000000000001,0.998649501712674,4.0,0.33981707766606833,1.3384665793787422
648,-3.6000000000000014,0.9983220034219312,4.0,-0.03526244108746216,0.9630595623344691
649,-3.5500000000000016,0.9979455842597914,4.0,-0.20433005635218954,0.7936155279076018
650,-3.5000000000000018,0.9975140207608256,4.0,0.14511585186885034,1.142629872629676
651,-3.450000000000002,0.9970208433224628,4.0,-0.2718743132333783,0.7251465300890845
652,-3.400000000000002,0.9964594942472784,4.0,0.12225610282873221,1.1187155970760105
653,-3.3500000000000023,0.9958235110654112,4.0,0.2107790008804232,1.2066025119458343
654,-3.3000000000000025,0.995106746847287,4.0,0.012687357774933936,1.007794104622221
655,-3.2500000000000027,0.9943036597458887,4.0,0.4058585763295293,1.400162236075418
656,-3.200000000000003,0.9934097190692164,4.0,-0.028666451470413468,0.9647432675988029
657,-3.150000000000003,0.9924219693524828,4.0,0.4664121380353514,1.4588341073878341
658,-3.100000000000003,0.9913397555774258,4.0,-0.3595623014773851,0.6317774541000407
659,-3.050000000000004,0.9901655424692034,4.0,-0.025036100733729593,0.9651294417354738
660,-3.000000000000004,0.9889056766653485,4.0,0.13704913532039373,1.125954811985742
661,-2.950000000000004,0.9875708765869636,4.0,0.12393557100451817,1.1115064475914818
662,-2.900000000000004,0.9861762305897154,4.0,-0.07460511939147613,0.9115711111982392
663,-2.850000000000004,0.9847405644073842,4.0,-0.33407220122459674,0.6506683631827874
664,-2.8000000000000043,0.9832851934266134,4.0,0.6192524081579925,1.602537601584606
665,-2.7500000000000044,0.981832251904214,4.0,-0.151859040290973,0.829973211613241
666,-2.7000000000000046,0.9804029171120564,4.0,-0.08408471031295792,0.8963182067990985
667,-2.650000000000005,0.9790158672846296,4.0,0.0068606002062559564,0.9858764674908856
668,-2.600000000000005,0.9776862234438368,4.0,-0.017110988995672743,0.9605752344481641
669,-2.550000000000005,0.976425071771674,4.0,-0.34298377423951054,0.6334412975321635
670,-2.5000000000000053,0.9752395109440132,4.0,-0.15701577345046108,0.8182237374935522
671,-2.450000000000005,0.9741330687513322,4.0,0.07871489727880447,1.0528479660301366
672,-2.4000000000000057,0.9731063018582802,4.0,0.14494118166185793,1.1180474835201382
673,-2.350000000000006,0.9721574189453784,4.0,0.2028541250578793,1.1750115440032578
674,-2.300000000000006,0.97128282369947,4.0,0.019184516918773056,0.9904673406182432
675,-2.250000000000006,0.9704775344097548,4.0,-0.13614425700549213,0.8343332774042627
676,-2.2000000000000064,0.9697354850990252,4.0,0.22625807807476206,1.1959935631737872
677,-2.1500000000000066,0.9690497436848486,4.0,-0.026512467520584646,0.942537276164264
678,-2.1000000000000068,0.968412698119109,4.0,-0.09216722094019347,0.8762454771789155
679,-2.050000000000007,0.9678162691342096,4.0,0.10860632747329371,1.0764225966075034
680,-2.000000000000007,0.9672522190294524,4.0,-0.30090288396903325,0.666349335060419
681,-1.9500000000000075,0.9667126570623452,4.0,0.05461683850039349,1.0213294955627388
682,-1.9000000000000077,0.9661909287665696,4.0,-0.03422698435176142,0.9319639444148082
683,-1.850000000000008,0.9656833094487712,4.0,-0.005547812279337847,0.9601354971694334
684,-1.8000000000000078,0.9651925649987798,4.0,0.05639699784705624,1.021589562845836
685,-1.750000000000008,0.9647363340765104,4.0,-0.08260794079029098,0.8821283932862194
686,-1.7000000000000082,0.9643693537422816,4.0,0.10172294885236492,1.0660923025946465
687,-1.6500000000000083,0.9642503843567224,4.0,0.013919723436400175,0.9781701077931225
688,-1.6000000000000083,0.9648716769356378,4.0,-0.16019334753543193,0.8046783294002059
689,-1.5500000000000087,0.9678204487507496,4.0,-0.018440739158770016,0.9493797095919796
690,-1.5000000000000089,0.9757888811755262,4.0,-0.09228989667569688,0.8834989844998293
691,-1.450000000000009,0.9832495193733636,4.0,-0.22839108967353128,0.7548584296998323
692,-1.4000000000000092,0.9853339721101964,4.0,-0.07776360648454392,0.9075703656256524
693,-1.3500000000000094,0.9856393363283956,4.0,0.0032854735789181865,0.9889248099073138
694,-1.3000000000000096,0.9804407230205572,4.0,0.3736479050089248,1.354088628029482
695,-1.2500000000000098,0.9511150520041892,4.0,-0.14594999589682245,0.8051650561073668
696,-1.20000000000001,0.8623129393289269,4.0,0.13665997583039347,0.9989729151593204
697,-1.15000000000001,0.7135734587224457,4.0,0.1905078069707804,0.9040812656932261
698,-1.1000000000000103,0.5513455743965904,4.0,0.17955231971089539,0.7308978941074857
699,-1.0500000000000105,0.4075073062494975,4.0,0.0027619443623627445,0.41026925061186026
700,-1.0000000000000109,0.2918271420919089,4.0,0.08789272397049326,0.37971986606240216
701,-0.9500000000000108,0.2039161596576312,4.0,0.14051964015833265,0.34443579981596384
702,-0.900000000000011,0.140143120662581,4.0,-0.04514487886524683,0.09499824179733417
703,-0.8500000000000112,0.0970354387959276,4.0,-0.08578579609065992,0.011249642705267682
704,-0.8000000000000114,0.0711107944095815,4.0,-0.17940971553149934,-0.10829892112191784
705,-0.7500000000000115,0.0580622183075196,4.0,-0.465182667536862,-0.4071204492293424
706,-0.7000000000000117,0.0537470835127779,4.0,-0.0889336147195086,-0.0351865312067307
707,-0.6500000000000119,0.0553506826197356,4.0,0.06022939815971259,0.11558008077944819
708,-0.6000000000000121,0.0614988658927775,4.0,0.013692187147815185,0.07519105304059268
709,-0.5500000000000123,0.0720098811429469,4.0,-0.024146095453305986,0.04786378568964092
710,-0.5000000000000124,0.0879081241009813,4.0,-0.020363874801475855,0.06754424929950545
711,-0.4500000000000126,0.1118588650875057,4.0,-0.28570008619873577,-0.17384122111123007
712,-0.4000000000000128,0.1490794176860368,4.0,0.16175526342658508,0.3108346811126219
713,-0.3500000000000129,0.208438297440638,4.0,-0.17633197988944782,0.03210631755119017
714,-0.3000000000000131,0.3012397674722094,4.0,0.023511614980342762,0.32475138245255214
715,-0.2500000000000133,0.4302824187393582,4.0,-0.25733044878339656,0.17295196995596163
716,-0.2000000000000135,0.5693856357551613,4.0,0.08519345950240946,0.6545790952575707
717,-0.1500000000000136,0.662036958318349,4.0,0.10467139440161295,0.766708352719962
718,-0.1000000000000138,0.5883651618909177,4.0,0.15936650137008637,0.747731663261004
719,-0.050000000000014,0.1874865369520643,4.0,-0.07760040689173568,0.10988613006032862
720,-1.4210854715202004e-14,0.052706292045468,4.0,-0.021047221637764138,0.03165907040770386
721,0.0499999999999856,0.0248689317126527,4.0,0.2807743472400217,0.3056432789526744
722,0.0999999999999854,0.0184894601132469,4.0,0.22433141478697408,0.24282087490022097
723,0.1499999999999852,0.0156006557127788,4.0,0.13789450588739877,0.15349516160017757
724,0.199999999999985,0.013541999556899,4.0,-0.1388753823965002,-0.12533338283960122
725,0.2499999999999849,0.0131729029226885,4.0,0.26015756764183545,0.273330470564524
726,0.2999999999999847,0.0134188705994261,4.0,-0.0918599671959697,-0.0784410965965436
727,0.3499999999999845,0.0134975774587849,4.0,0.03274169439462919,0.04623927185341409
728,0.3999999999999843,0.0135680422196823,4.0,-0.17335277724768153,-0.15978473502799923
729,0.4499999999999842,0.0136537356008076,4.0,0.09474686561847787,0.10840060121928546
730,0.499999999999984,0.0137018270156471,4.0,0.09455800002346298,0.10825982703911008
731,0.5499999999999838,0.0137092199010714,4.0,0.3890814359474573,0.4027906558485287
732,0.5999999999999837,0.0136952789719806,4.0,-0.09120452662511602,-0.07750924765313542
733,0.6499999999999835,0.0136695276467706,4.0,-0.05359208017697738,-0.03992255253020678
734,0.6999999999999833,0.0136186712059863,4.0,-0.416274497840822,-0.4026558266348357
735,0.7499999999999831,0.0135007983422363,4.0,-0.03607622064292294,-0.022575422300686643
736,0.799999999999983,0.0132501556014116,4.0,-0.013993130361610966,-0.0007429747601993657
737,0.8499999999999828,0.0128096493985792,4.0,-0.04957211035213915,-0.03676246095355995
738,0.8999999999999826,0.0121887870245093,4.0,0.11050112693885587,0.12268991396336518
739,0.9499999999999824,0.0114852664179331,4.0,-0.0783390033621088,-0.0668537369441757
740,0.9999999999999822,0.0108088590280815,4.0,0.03243220900042805,0.04324106802850955
741,1.049999999999982,0.0101503424348309,4.0,-0.06041505646659703,-0.050264714031766126
742,1.099999999999982,0.0092834372829364,4.0,-0.09687537804228141,-0.08759194075934501
743,1.1499999999999817,0.0078300340614654,4.0,0.016580056794794636,0.024410090856260037
744,1.1999999999999815,0.0057149222333252,4.0,-0.032715064127925055,-0.027000141894599854
745,1.2499999999999811,0.0035538877384504,4.0,-0.1655918953885063,-0.1620380076500559
746,1.2999999999999812,0.0019968279615017,4.0,-0.06909473153766288,-0.06709790357616117
747,1.349999999999981,0.0011050034972611,4.0,-0.27467195336394556,-0.27356694986668445
748,1.3999999999999808,0.0006469051500762,4.0,-0.11844848552012756,-0.11780158037005135
749,1.4499999999999806,0.0004190778167385,4.0,-0.08868279026216633,-0.08826371244542783
750,1.4999999999999805,0.0003026291225587,4.0,0.06715643670229943,0.06745906582485812
751,1.5499999999999805,0.0002367686799347,4.0,-0.16796111601189612,-0.16772434733196143
752,1.59999999999998,0.0001925577787111,4.0,-0.08403048938473032,-0.08383793160601921
753,1.64999999999998,0.0001572247577674,4.0,-0.1778329543018732,-0.17767572954410582
754,1.6999999999999795,0.000125807429951,4.0,-0.05623724429816224,-0.05611143686821124
755,1.7499999999999796,9.690806941588787e-05,4.0,0.062214253898352674,0.062311161967768564
756,1.7999999999999794,7.061707484677393e-05,4.0,0.009187962603511053,0.009258579678357826
757,1.8499999999999792,4.754127041531559e-05,4.0,-0.04753634105299698,-0.047488799782581664
758,1.899999999999979,2.8378139905394255e-05,4.0,-0.07919993435075978,-0.0791715562108544
759,1.9499999999999789,1.3750910210038846e-05,4.0,-0.07527184159837817,-0.07525809068816813
760,1.999999999999979,4.162576109355189e-06,4.0,-0.30161988303831105,-0.3016157204622017
761,2.0499999999999785,0.0,4.0,-0.14872702144669736,-0.14872702144669736
762,2.0999999999999783,1.5557088423755158e-06,4.0,-0.14924657028973187,-0.14924501458088948
763,2.149999999999978,9.052872353928156e-06,4.0,-0.1303430612226782,-0.13033400835032427
764,2.199999999999978,2.266747878738142e-05,4.0,0.06110336521274951,0.061126032691536894
765,2.249999999999978,4.254565451435624e-05,4.0,0.1351314800128363,0.13517402566735068
766,2.2999999999999776,6.881577081192889e-05,4.0,-0.048875006710452445,-0.04880619093964052
767,2.349999999999977,0.0001015956212324,4.0,-0.16697909902875538,-0.16687750340752297
768,2.3999999999999773,0.0001409951140408,4.0,-0.1125763297834871,-0.1124353346694463
769,2.449999999999977,0.0001871148893213,4.0,0.12229636562467577,0.12248348051399707
770,2.499999999999977,0.0002400411778807,4.0,0.024141093296536204,0.024381134474416904
771,2.5499999999999767,0.0002998371376153,4.0,0.07141443043145634,0.07171426756907165
772,2.599999999999977,0.0003665308677655,4.0,0.04929863315612313,0.04966516402388863
773,2.6499999999999764,0.0004401003312958,4.0,-0.25803524925988763,-0.2575951489285918
774,2.699999999999976,0.0005204555199806,4.0,-0.038175998853479186,-0.03765554333349858
775,2.749999999999976,0.0006074183775748,4.0,-0.1754322186562471,-0.1748248002786723
776,2.799999999999976,0.0007007012471229,4.0,-0.043441442993056086,-0.04274074174593319
777,2.849999999999976,0.0007998849118605,4.0,-0.43151362390024095,-0.43071373898838045
778,2.8999999999999755,0.0009043976257117,4.0,0.049023854747927906,0.049928252373639605
779,2.9499999999999758,0.0010134968366381,4.0,0.05249301024747135,0.05350650708410945
780,2.999999999999975,0.0011262555408281,4.0,-0.12870083882353678,-0.12757458328270868
781,3.049999999999975,0.001241555309506,4.0,0.1785500568367281,0.1797916121462341
782,3.0999999999999748,0.0013580879481405,4.0,0.015103648614518062,0.016461736562658563
783,3.1499999999999746,0.0014743674401198,4.0,-0.3396021512545997,-0.3381277838144799
784,3.1999999999999744,0.0015887532799676,4.0,0.2976487637981072,0.2992375170780748
785,3.2499999999999742,0.0016994855363834,4.0,0.08665947788667262,0.08835896342305602
786,3.299999999999974,0.0018047310621655,4.0,-0.14074160081384823,-0.13893686975168273
787,3.349999999999974,0.0019026392786446,4.0,0.19761432267079027,0.19951696194943486
788,3.3999999999999737,0.0019914050187708,4.0,-0.26986017881781393,-0.2678687737990431
789,3.449999999999973,0.0020693351291215,4.0,-0.16481548514501385,-0.16274615001589235
790,3.4999999999999734,0.0021349150023919,4.0,0.13266202676313896,0.13479694176553086
791,3.549999999999973,0.0021868710001117,4.0,0.02906385646986347,0.03125072746997517
792,3.599999999999973,0.0022242248503936,4.0,0.18202865655388298,0.1842528814042766
793,3.649999999999973,0.0022463365471931,4.0,-0.021116001399207066,-0.018869664852013964
794,3.6999999999999726,0.0022529329846924,4.0,0.04983577378579709,0.05208870677048949
795,3.749999999999973,0.0022441204641792,4.0,-0.04592960592458176,-0.04368548546040256
796,3.799999999999972,0.0022203802370071,4.0,-0.07556321410337856,-0.07334283386637146
797,3.849999999999972,0.0021825473238774,4.0,-0.0761908641411727,-0.07400831681729529
798,3.899999999999972,0.002131773909528,4.0,0.04359591142238038,0.04572768533190838
799,3.949999999999972,0.0020694795857518,4.0,0.05910698853527321,0.06117646812102501
800,-4.0,0.9999999999999992,5.0,-0.0017769995115494935,0.9982230004884497
801,-3.95,0.995952256408242,5.0,0.007986697582622451,1.0039389539908645
802,-3.9,0.9913280815535516,5.0,-0.13604390560940935,0.8552841759441422
803,-3.850000000000001,0.9861059777975658,5.0,-0.12373755618377971,0.8623684216137861
804,-3.8000000000000007,0.9802542792242768,5.0,-0.261044523277225,0.7192097559470518
805,-3.750000000000001,0.9737327154526738,5.0,0.010288679368988658,0.9840213948216625
806,-3.700000000000001,0.9664945229574028,5.0,-0.48683903025588304,0.47965549270151975
807,-3.650000000000001,0.9584892860763002,5.0,-0.21766966569099316,0.740819620385307
808,-3.6000000000000014,0.9496666781771884,5.0,-0.13274999758255016,0.8169166805946383
809,-3.5500000000000016,0.9399812230653996,5.0,0.18969809405406418,1.1296793171194637
810,-3.5000000000000018,0.9293980845456776,5.0,-0.248994945169191,0.6804031393764867
811,-3.450000000000002,0.9178996946157724,5.0,0.18543207890507063,1.103331773520843
812,-3.400000000000002,0.9054927348496928,5.0,0.035552882123122985,0.9410456169728159
813,-3.3500000000000023,0.8922146061020831,5.0,0.1859251430590228,1.078139749161106
814,-3.3000000000000025,0.8781381243186771,5.0,0.22418747604328404,1.102325600361961
815,-3.2500000000000027,0.8633728980487289,5.0,-0.046753404298570285,0.8166194937501585
816,-3.200000000000003,0.8480618697896707,5.0,0.03493203803095226,0.8829939078206229
817,-3.150000000000003,0.8323720415957296,5.0,-0.34421612172723587,0.48815591986849377
818,-3.100000000000003,0.8164795678175399,5.0,-0.07662357895841022,0.7398559888591297
819,-3.050000000000004,0.8005510868153728,5.0,-0.016141494443877906,0.7844095923714949
820,-3.000000000000004,0.7847250014261233,5.0,0.167134274888683,0.9518592763148064
821,-2.950000000000004,0.7690977996087247,5.0,-0.17530351228931032,0.5937942873194144
822,-2.900000000000004,0.7537207904727681,5.0,0.15686806856321828,0.9105888590359863
823,-2.850000000000004,0.7386113930448609,5.0,-0.458370242034483,0.2802411510103779
824,-2.8000000000000043,0.7237803380674701,5.0,0.11123579418605299,0.8350161322535231
825,-2.7500000000000044,0.7092722592728595,5.0,0.21353270554265472,0.9228049648155142
826,-2.7000000000000046,0.6952129756484018,5.0,0.22260766545439142,0.9178206411027932
827,-2.650000000000005,0.6818533999358872,5.0,0.7065315814139664,1.3883849813498537
828,-2.600000000000005,0.6695986639201217,5.0,0.43448901787443867,1.1040876817945604
829,-2.550000000000005,0.6590126162802671,5.0,0.13539942144708594,0.794412037727353
830,-2.5000000000000053,0.6507921181468126,5.0,-0.013770874442317855,0.6370212437044948
831,-2.450000000000005,0.6457106340693133,5.0,0.27897323243233085,0.9246838665016441
832,-2.4000000000000057,0.6445334510040195,5.0,-0.15362249897275176,0.4909109520312677
833,-2.350000000000006,0.6479055978447128,5.0,-0.12474295444712012,0.5231626433975927
834,-2.300000000000006,0.6562111919775779,5.0,-0.11765969001599848,0.5385515019615794
835,-2.250000000000006,0.6694115134636871,5.0,0.3051808301910201,0.9745923436547073
836,-2.2000000000000064,0.6869124301203937,5.0,-0.06945148297502987,0.6174609471453638
837,-2.1500000000000066,0.7076189768125208,5.0,0.015574298590651712,0.7231932754031726
838,-2.1000000000000068,0.7304971483150139,5.0,-0.03222305602518267,0.6982740922898312
839,-2.050000000000007,0.7559634214895982,5.0,0.05481229739270713,0.8107757188823053
840,-2.000000000000007,0.7871747866127253,5.0,0.30037509116276745,1.0875498777754928
841,-1.9500000000000075,0.8245701729851562,5.0,-0.028192540046048896,0.7963776329391073
842,-1.9000000000000077,0.8410595256390127,5.0,-0.21034982774341712,0.6307096978955955
843,-1.850000000000008,0.7588666959933932,5.0,0.16390990209388184,0.9227765980872751
844,-1.8000000000000078,0.4536361993122328,5.0,-0.22226248669636112,0.2313737126158717
845,-1.750000000000008,0.0736102157656648,5.0,0.036624135645678985,0.11023435141134379
846,-1.7000000000000082,0.0366989671452896,5.0,-0.05156455729552509,-0.014865590150235489
847,-1.6500000000000083,0.0746437401307745,5.0,-0.022704362776049872,0.05193937735472463
848,-1.6000000000000083,0.1124556270114084,5.0,-0.05653212107077495,0.05592350594063345
849,-1.5500000000000087,0.2236991951908739,5.0,0.24112870531248223,0.4648279005033561
850,-1.5000000000000089,0.3720713724466989,5.0,-0.0443551398223338,0.3277162326243651
851,-1.450000000000009,0.4941303994765956,5.0,0.06573828468037636,0.559868684156972
852,-1.4000000000000092,0.572123194799807,5.0,-0.0053453875038809145,0.5667778072959261
853,-1.3500000000000094,0.594127250251634,5.0,0.08232544937482833,0.6764526996264624
854,-1.3000000000000096,0.5802258814098119,5.0,0.2798235307494558,0.8600494121592677
855,-1.2500000000000098,0.5968178396818059,5.0,-0.09281132229272668,0.5040065173890792
856,-1.20000000000001,0.6629509162140387,5.0,0.18168747622769482,0.8446383924417336
857,-1.15000000000001,0.738898012644583,5.0,-0.11193768128731074,0.6269603313572722
858,-1.1000000000000103,0.7965292973388592,5.0,-0.18606675445033743,0.6104625428885218
859,-1.0500000000000105,0.8312423495272191,5.0,0.3285837360525171,1.1598260855797362
860,-1.0000000000000109,0.8463524464371565,5.0,-0.06847708691113852,0.7778753595260179
861,-0.9500000000000108,0.846093617664579,5.0,-0.03266970411952495,0.8134239135450541
862,-0.900000000000011,0.8351979884181948,5.0,-0.2684971207573666,0.5667008676608283
863,-0.8500000000000112,0.8186656981338881,5.0,0.07164030952499852,0.8903060076588867
864,-0.8000000000000114,0.8007301921501171,5.0,-0.2737563534456821,0.5269738387044349
865,-0.7500000000000115,0.7844131369498,5.0,0.09172366910283744,0.8761368060526374
866,-0.7000000000000117,0.7719203116190105,5.0,0.0251341894543084,0.797054501073319
867,-0.6500000000000119,0.7650383682579056,5.0,-0.03852729027221994,0.7265110779856857
868,-0.6000000000000121,0.7647508777875252,5.0,0.16584123738193846,0.9305921151694636
869,-0.5500000000000123,0.7695695158688554,5.0,-0.008880065399146998,0.7606894504697084
870,-0.5000000000000124,0.7729157216955796,5.0,0.24217044919900205,1.0150861708945818
871,-0.4500000000000126,0.7621127927018765,5.0,-0.059744077268026344,0.7023687154338502
872,-0.4000000000000128,0.7220551097439064,5.0,-0.0515573737744316,0.6704977359694748
873,-0.3500000000000129,0.6417344268293891,5.0,-0.130879621213191,0.5108548056161981
874,-0.3000000000000131,0.5194035384951246,5.0,-0.12452904898304006,0.3948744895120845
875,-0.2500000000000133,0.3677011467742879,5.0,-0.0975348089373225,0.2701663378369654
876,-0.2000000000000135,0.2212473212728542,5.0,-0.04150007446850836,0.17974724680434584
877,-0.1500000000000136,0.133157961890442,5.0,-0.2613673376572017,-0.12820937576675973
878,-0.1000000000000138,0.1705517313496867,5.0,-0.18946856544489243,-0.018916834095205726
879,-0.050000000000014,0.3820396369570002,5.0,0.11144649753827195,0.4934861344952722
880,-1.4210854715202004e-14,0.594951479072754,5.0,-0.08490485563855082,0.5100466234342032
881,0.0499999999999856,0.7073878607935103,5.0,-0.1397224952417982,0.5676653655517121
882,0.0999999999999854,0.7622416205721695,5.0,0.1810794622359875,0.943321082808157
883,0.1499999999999852,0.795313045213187,5.0,0.2700284030350783,1.0653414482482653
884,0.199999999999985,0.8196895821360514,5.0,0.17954823765721636,0.9992378197932678
885,0.2499999999999849,0.8358158111801339,5.0,0.08817653133872315,0.9239923425188571
886,0.2999999999999847,0.8402211264738735,5.0,-0.05060088396447309,0.7896202425094004
887,0.3499999999999845,0.8288784852735693,5.0,-0.07418431653768805,0.7546941687358812
888,0.3999999999999843,0.7966908532446304,5.0,0.20344202145437137,1.0001328746990017
889,0.4499999999999842,0.735122499911111,5.0,0.2542569932233363,0.9893794931344473
890,0.499999999999984,0.6310518799214447,5.0,-0.07145593805441772,0.559595941867027
891,0.5499999999999838,0.4973539265755296,5.0,0.31318197807279907,0.8105359046483287
892,0.5999999999999837,0.4427703948826771,5.0,0.15100312383672493,0.593773518719402
893,0.6499999999999835,0.5322202898086393,5.0,-0.13957559227322944,0.39264469753540987
894,0.6999999999999833,0.6863687756815954,5.0,0.022008356031485824,0.7083771317130813
895,0.7499999999999831,0.8119675014065929,5.0,-0.071197405528778,0.740770095877815
896,0.799999999999983,0.8871688139823586,5.0,-0.1035878977649978,0.7835809162173608
897,0.8499999999999828,0.9269672614963664,5.0,-0.23827094523707298,0.6886963162592934
898,0.8999999999999826,0.9466473041761132,5.0,-0.015466628406235312,0.9311806757698778
899,0.9499999999999824,0.9553343092252984,5.0,-0.16484131157927018,0.7904929976460282
900,0.9999999999999822,0.9580433184595338,5.0,0.02206193289551133,0.9801052513550451
901,1.049999999999982,0.9575748989993011,5.0,0.322816527790199,1.2803914267895
902,1.099999999999982,0.955508716546832,5.0,0.29463911850161717,1.2501478350484492
903,1.1499999999999817,0.952697527314574,5.0,0.08351141613496191,1.0362089434495358
904,1.1999999999999815,0.9495366387131404,5.0,0.1273418773656739,1.0768785160788144
905,1.2499999999999811,0.946131543933308,5.0,0.028814513838459854,0.9749460577717679
906,1.2999999999999812,0.9424130386388564,5.0,-0.24607854602870285,0.6963344926101536
907,1.349999999999981,0.938218266216508,5.0,0.20502626412897304,1.143244530345481
908,1.3999999999999808,0.933344234286735,5.0,-0.04096807193950215,0.8923761623472328
909,1.4499999999999806,0.9275778604747962,5.0,0.003110206634407586,0.9306880671092037
910,1.4999999999999805,0.9207079138279418,5.0,0.07626837603202391,0.9969762898599657
911,1.5499999999999805,0.9125254007172794,5.0,-0.2780748528651351,0.6344505478521443
912,1.59999999999998,0.9028185183074008,5.0,-0.0822592224783287,0.820559295829072
913,1.64999999999998,0.891366719788464,5.0,-0.05093101718369606,0.840435702604768
914,1.6999999999999795,0.8779367125944257,5.0,-0.03390797216678916,0.8440287404276365
915,1.7499999999999796,0.8622819836599936,5.0,0.13323202452196764,0.9955140081819613
916,1.7999999999999794,0.8441468255028063,5.0,0.08126550602114023,0.9254123315239465
917,1.8499999999999792,0.8232756155635866,5.0,-0.057558058716047356,0.7657175568475393
918,1.899999999999979,0.7994279690750036,5.0,-0.2283444976672433,0.5710834714077603
919,1.9499999999999789,0.7724000459150436,5.0,-0.4480981582526333,0.3243018876624103
920,1.999999999999979,0.7420515125100078,5.0,0.0644292824476614,0.8064807949576692
921,2.0499999999999785,0.7083363306712568,5.0,0.09302178601916683,0.8013581166904236
922,2.0999999999999783,0.671333770657343,5.0,-0.08479421458828101,0.586539556069062
923,2.149999999999978,0.6312742435182639,5.0,0.23152746559826562,0.8628017091165295
924,2.199999999999978,0.5885534588750057,5.0,-0.1808959122479427,0.407657546627063
925,2.249999999999978,0.543728905475542,5.0,0.2880004757022491,0.831729381177791
926,2.2999999999999776,0.4974952767630949,5.0,-0.20388761799213612,0.2936076587709588
927,2.349999999999977,0.4506399552155818,5.0,0.43244685494649254,0.8830868101620744
928,2.3999999999999773,0.403984735791121,5.0,-0.3492025339570974,0.0547822018340236
929,2.449999999999977,0.3583237126596612,5.0,0.14001757104842988,0.49834128370809105
930,2.499999999999977,0.314368116091536,5.0,0.06300411049172046,0.3773722265832564
931,2.5499999999999767,0.2727065386854018,5.0,-0.09176325919411935,0.18094327949128244
932,2.599999999999977,0.2337845190211146,5.0,0.18667735611622358,0.4204618751373382
933,2.6499999999999764,0.1979027073264525,5.0,0.08396193415696918,0.28186464148342166
934,2.699999999999976,0.1652294407031899,5.0,-0.04655587740276688,0.11867356330042303
935,2.749999999999976,0.1358222171712806,5.0,0.17046732581177199,0.30628954298305255
936,2.799999999999976,0.1096530327123884,5.0,0.07483622490875794,0.18448925762114632
937,2.849999999999976,0.0866340272413829,5.0,-0.21116871659832384,-0.12453468935694094
938,2.8999999999999755,0.0666414807517138,5.0,-0.13961861676537887,-0.07297713601366507
939,2.9499999999999758,0.0495372177326554,5.0,-0.19666385283287663,-0.14712663510022123
940,2.999999999999975,0.0351864773673217,5.0,-0.13872056086675547,-0.10353408349943377
941,3.049999999999975,0.0234700417579263,5.0,-0.013459875994196078,0.010010165763730221
942,3.0999999999999748,0.0142859408259678,5.0,-0.21839018568482804,-0.20410424485886025
943,3.1499999999999746,0.007533539680201,5.0,0.10511343560092569,0.11264697528112669
944,3.1999999999999744,0.0030745133420748,5.0,-0.066977529580849,-0.0639030162387742
945,3.2499999999999742,0.0006795715573314,5.0,0.24385999317706888,0.24453956473440028
946,3.299999999999974,0.0,5.0,-0.17493636196647505,-0.17493636196647505
947,3.349999999999974,0.0006187895320926,5.0,-0.11933937113621484,-0.11872058160412224
948,3.3999999999999737,0.0021760188726043,5.0,0.11145141566952187,0.11362743454212616
949,3.449999999999973,0.0044565108998634,5.0,0.012540024777383845,0.016996535677247245
950,3.4999999999999734,0.0073475897830848,5.0,0.37284315715935995,0.38019074694244476
951,3.549999999999973,0.0107345043760797,5.0,-0.005306103176036821,0.005428401200042878
952,3.599999999999973,0.014456229231187,5.0,-0.16874307587817128,-0.15428684664698428
953,3.649999999999973,0.0183396063556456,5.0,-0.12374748462260783,-0.10540787826696223
954,3.6999999999999726,0.0222509019337191,5.0,-0.36629593630141044,-0.34404503436769135
955,3.749999999999973,0.0261199363656157,5.0,-0.07772328499042283,-0.05160334862480713
956,3.799999999999972,0.0299338953661278,5.0,0.059635845360512536,0.08956974072664034
957,3.849999999999972,0.0337169465519529,5.0,-0.03486179956478675,-0.0011448530128338533
958,3.899999999999972,0.0375097997837283,5.0,0.19458850270266975,0.23209830248639807
959,3.949999999999972,0.0413554234259603,5.0,0.23158021783420923,0.27293564126016956
960,-4.0,0.9998248085665408,6.0,0.08368386589531025,1.083508674461851
961,-3.95,0.9999271296547996,6.0,-0.016967066433441154,0.9829600632213584
962,-3.9,0.999986369676528,6.0,0.19075988196375343,1.1907462516402814
963,-3.850000000000001,0.999999999999995,6.0,0.2683539692948065,1.2683539692948016
964,-3.8000000000000007,0.9999655076150364,6.0,0.007596941762572743,1.0075624493776092
965,-3.750000000000001,0.9998805799823564,6.0,-0.07131144172135145,0.9285691382610048
966,-3.700000000000001,0.9997433341949395,6.0,-0.02588025041942294,0.9738630837755166
967,-3.650000000000001,0.9995525865850264,6.0,-0.17063666211251727,0.8289159244725092
968,-3.6000000000000014,0.999308150549757,6.0,-0.019306225324873753,0.9800019252248832
969,-3.5500000000000016,0.9990111395493388,6.0,-0.19808881789042393,0.800922321658915
970,-3.5000000000000018,0.998664240328274,6.0,-0.19729174061379057,0.8013724997144835
971,-3.450000000000002,0.998271911177352,6.0,0.28656028456761384,1.2848321957449658
972,-3.400000000000002,0.9978404554646156,6.0,-0.2269073073947328,0.7709331480698829
973,-3.3500000000000023,0.9973779259741852,6.0,-0.023047414715063254,0.974330511259122
974,-3.3000000000000025,0.9968938336083406,6.0,-0.21778693897554716,0.7791068946327935
975,-3.2500000000000027,0.9963986640684344,6.0,0.15983417530908964,1.156232839377524
976,-3.200000000000003,0.995903242871606,6.0,0.08483995537582507,1.0807431982474311
977,-3.150000000000003,0.9954180230863772,6.0,-0.040074756235784006,0.9553432668505931
978,-3.100000000000003,0.9949523909540224,6.0,0.11270676799715107,1.1076591589511735
979,-3.050000000000004,0.9945140845952212,6.0,0.3719800801740417,1.366494164769263
980,-3.000000000000004,0.994108799183919,6.0,0.40031911031275863,1.3944279094966776
981,-2.950000000000004,0.9937400144070272,6.0,-0.16739103322354054,0.8263489811834867
982,-2.900000000000004,0.9934090377404052,6.0,-0.16605095344237172,0.8273580842980335
983,-2.850000000000004,0.9931152218030528,6.0,0.051455040747621535,1.0445702625506743
984,-2.8000000000000043,0.9928562942042484,6.0,-0.24778354484151918,0.7450727493627292
985,-2.7500000000000044,0.992628736651682,6.0,0.20337307609873823,1.1960018127504202
986,-2.7000000000000046,0.9924281638271224,6.0,-0.20025343138202514,0.7921747324450973
987,-2.650000000000005,0.9922496750120146,6.0,-0.061212641140489174,0.9310370338715254
988,-2.600000000000005,0.9920881746119756,6.0,-0.5148395922945659,0.47724858231740974
989,-2.550000000000005,0.9919386743364887,6.0,0.45664444451243785,1.4485831188489267
990,-2.5000000000000053,0.9917965949178614,6.0,-0.0821947983675776,0.9096017965502838
991,-2.450000000000005,0.9916580772017104,6.0,0.10300369411023337,1.0946617713119438
992,-2.4000000000000057,0.9915202931577768,6.0,0.15165904226728205,1.1431793354250588
993,-2.350000000000006,0.9913817224100552,6.0,0.21431304714891322,1.2056947695589684
994,-2.300000000000006,0.9912423376042128,6.0,0.14823821278275393,1.1394805503869667
995,-2.250000000000006,0.9911036311946884,6.0,-0.28526295485177805,0.7058406763429104
996,-2.2000000000000064,0.9909684226686066,6.0,0.042144223052269066,1.0331126457208757
997,-2.1500000000000066,0.990840406817992,6.0,-0.13188954210140927,0.8589508647165828
998,-2.1000000000000068,0.9907234281406552,6.0,0.02378664403126713,1.0145100721719222
999,-2.050000000000007,0.9906204728026164,6.0,0.17956070930620263,1.170181182108819
1000,-2.000000000000007,0.9905323340046536,6.0,-0.3666739782554998,0.6238583557491537
1001,-1.9500000000000075,0.990455808778025,6.0,-0.341167405593924,0.649288403184101
1002,-1.9000000000000077,0.990381109120742,6.0,0.00034278996035056933,0.9907238990810925
1003,-1.850000000000008,0.990287905833197,6.0,-0.2032681512859817,0.7870197545472153
1004,-1.8000000000000078,0.9901390716508756,6.0,0.20484240964870534,1.194981481299581
1005,-1.750000000000008,0.9898708435557788,6.0,-0.390391607211558,0.5994792363442207
1006,-1.7000000000000082,0.9893782053561296,6.0,0.007761996188234622,0.9971402015443642
1007,-1.6500000000000083,0.9884960724837056,6.0,0.27822807907263836,1.2667241515563439
1008,-1.6000000000000083,0.9869831719283612,6.0,0.1860600885634694,1.1730432604918306
1009,-1.5500000000000087,0.9845305543242482,6.0,0.06667380454949444,1.0512043588737425
1010,-1.5000000000000089,0.9808327325920264,6.0,-0.07104166940763157,0.9097910631843948
1011,-1.450000000000009,0.975703362506501,6.0,-0.2862780562181548,0.6894253062883462
1012,-1.4000000000000092,0.9690695965541763,6.0,-0.16795250706187023,0.8011170894923061
1013,-1.3500000000000094,0.9608180459740582,6.0,-0.25509331910013217,0.705724726873926
1014,-1.3000000000000096,0.9507526140047884,6.0,-0.09475699769789006,0.8559956163068984
1015,-1.2500000000000098,0.9386829110286912,6.0,-0.18835959308194494,0.7503233179467462
1016,-1.20000000000001,0.9244871042381864,6.0,-0.23669241711248803,0.6877946871256984
1017,-1.15000000000001,0.9081988766239568,6.0,0.067899547806427,0.9760984244303839
1018,-1.1000000000000103,0.890185274185541,6.0,-0.055317283136696246,0.8348679910488448
1019,-1.0500000000000105,0.8712541681916252,6.0,0.028109909041555862,0.899364077233181
1020,-1.0000000000000109,0.8524279858617122,6.0,0.12577452882770462,0.9782025146894169
1021,-0.9500000000000108,0.8343289421174774,6.0,-0.07016075016006024,0.7641681919574173
1022,-0.900000000000011,0.8165972425990378,6.0,0.16506318997905267,0.9816604325780904
1023,-0.8500000000000112,0.7980214423040124,6.0,-0.2264161742811237,0.5716052680228887
1024,-0.8000000000000114,0.7774115358298543,6.0,0.04008755671329101,0.8174990925431453
1025,-0.7500000000000115,0.754261356191115,6.0,-0.09494261455516524,0.6593187416359497
1026,-0.7000000000000117,0.7282637278870753,6.0,0.11246668133965725,0.8407304092267325
1027,-0.6500000000000119,0.6979184272908459,6.0,0.003053650293447372,0.7009720775842933
1028,-0.6000000000000121,0.658939875239019,6.0,-0.08710074311420521,0.5718391321248137
1029,-0.5500000000000123,0.6023129952503093,6.0,0.11251703612343104,0.7148300313737403
1030,-0.5000000000000124,0.5131968978182893,6.0,0.030271871303939185,0.5434687691222284
1031,-0.4500000000000126,0.3796156583831329,6.0,-0.02217778630581484,0.35743787207731803
1032,-0.4000000000000128,0.2244324838560301,6.0,0.09214462720048648,0.3165771110565166
1033,-0.3500000000000129,0.1088806538425242,6.0,-0.17918805046651437,-0.07030739662399017
1034,-0.3000000000000131,0.0513832796533047,6.0,0.10625177891216635,0.15763505856547105
1035,-0.2500000000000133,0.0158516135240227,6.0,0.10947748330776315,0.12532909683178584
1036,-0.2000000000000135,0.0,6.0,0.01080252413330463,0.01080252413330463
1037,-0.1500000000000136,0.031038578415762,6.0,-0.16434810208370373,-0.13330952366794174
1038,-0.1000000000000138,0.0854777275223062,6.0,-0.05487113313616448,0.030606594386141724
1039,-0.050000000000014,0.1329754018439165,6.0,-0.2062601760892246,-0.07328477424530808
1040,-1.4210854715202004e-14,0.1720746234631778,6.0,0.3829833604968581,0.5550579839600359
1041,0.0499999999999856,0.2060527116615315,6.0,-0.15822522492221425,0.04782748673931725
1042,0.0999999999999854,0.2310527854283801,6.0,0.0383397294100233,0.2693925148384034
1043,0.1499999999999852,0.2486512496539107,6.0,-0.04248592792339806,0.20616532173051264
1044,0.199999999999985,0.2665794272354641,6.0,0.1606283893094168,0.4272078165448809
1045,0.2499999999999849,0.290352996029569,6.0,-0.04663597076186896,0.24371702526770003
1046,0.2999999999999847,0.3201168109706169,6.0,-0.02773862396077123,0.29237818700984564
1047,0.3499999999999845,0.3535805329167569,6.0,-0.20911356778590773,0.14446696513084917
1048,0.3999999999999843,0.3892274813481236,6.0,0.00020246952253909545,0.38942995087066273
1049,0.4499999999999842,0.427161729169138,6.0,0.19692321471575264,0.6240849438848907
1050,0.499999999999984,0.4682289523333081,6.0,0.20829534042483364,0.6765242927581417
1051,0.5499999999999838,0.5121073652353532,6.0,-0.3018619891136921,0.21024537612166105
1052,0.5999999999999837,0.5553644025784159,6.0,-0.4540092961417872,0.1013551064366287
1053,0.6499999999999835,0.592446295224766,6.0,-0.12402558356859916,0.46842071165616683
1054,0.6999999999999833,0.6191015969189965,6.0,-0.008704546267375345,0.6103970506516211
1055,0.7499999999999831,0.6313950194301932,6.0,-0.09441631117483132,0.5369787082553619
1056,0.799999999999983,0.6247049013948828,6.0,0.12959217027911454,0.7542970716739973
1057,0.8499999999999828,0.5979544443372998,6.0,-0.3950566036596528,0.20289784067764705
1058,0.8999999999999826,0.5559498934619728,6.0,-0.15989644369124525,0.39605344977072754
1059,0.9499999999999824,0.5077779528563022,6.0,-0.14306587322231853,0.36471207963398367
1060,0.9999999999999822,0.4624308082809586,6.0,0.18587644787755214,0.6483072561585108
1061,1.049999999999982,0.4249575197944478,6.0,-0.2682323236158544,0.15672519617859337
1062,1.099999999999982,0.3963924227715415,6.0,-0.14034072066218745,0.2560517021093541
1063,1.1499999999999817,0.3759807794582714,6.0,0.12822262723670447,0.5042034066949759
1064,1.1999999999999815,0.3627969216528945,6.0,0.12485182698269595,0.4876487486355905
1065,1.2499999999999811,0.3561297946900129,6.0,0.13917564101914007,0.495305435709153
1066,1.2999999999999812,0.3553367794540036,6.0,-0.20862369399480585,0.14671308545919776
1067,1.349999999999981,0.359692547436001,6.0,-0.014602527274342109,0.3450900201616589
1068,1.3999999999999808,0.3683552592718309,6.0,-0.0057105133085844275,0.3626447459632465
1069,1.4499999999999806,0.3804037730208445,6.0,0.10907376379129276,0.48947753681213724
1070,1.4999999999999805,0.3948911002720176,6.0,0.16848525391072292,0.5633763541827406
1071,1.5499999999999805,0.4108925702751883,6.0,0.1450436326260013,0.5559362029011896
1072,1.59999999999998,0.4275503040132181,6.0,-0.2787657855525482,0.14878451846066987
1073,1.64999999999998,0.444120847834728,6.0,-0.10939313197609409,0.3347277158586339
1074,1.6999999999999795,0.460027610697486,6.0,0.2197525795954763,0.6797801902929623
1075,1.7499999999999796,0.474912208535753,6.0,0.05643851905230141,0.5313507275880545
1076,1.7999999999999794,0.4886732466162944,6.0,0.27507420923270587,0.7637474558490003
1077,1.8499999999999792,0.5014784339827897,6.0,-0.19994722705966847,0.3015312069231212
1078,1.899999999999979,0.513736234488396,6.0,-0.13967991560392246,0.37405631888447355
1079,1.9499999999999789,0.5260175395823387,6.0,0.12259787402487012,0.6486154136072088
1080,1.999999999999979,0.5389277447857307,6.0,0.3347422862180031,0.8736700310037337
1081,2.0499999999999785,0.5529443947492944,6.0,-0.22107013043054377,0.33187426431875056
1082,2.0999999999999783,0.5682491262192675,6.0,0.08201403144588058,0.6502631576651481
1083,2.149999999999978,0.5845849309918548,6.0,-0.06866701213260845,0.5159179188592464
1084,2.199999999999978,0.6011557337326221,6.0,0.05078022051704994,0.651935954249672
1085,2.249999999999978,0.6165675970772555,6.0,-0.22804956935015855,0.388518027727097
1086,2.2999999999999776,0.6288157474310235,6.0,-0.22366939607090744,0.4051463513601161
1087,2.349999999999977,0.6353417670304627,6.0,0.01066646325267137,0.6460082302831341
1088,2.3999999999999773,0.6331432326984777,6.0,-0.11318295612615076,0.519960276572327
1089,2.449999999999977,0.6187737943543453,6.0,-0.03798443149457648,0.5807893628597688
1090,2.499999999999977,0.5879419642440712,6.0,-0.3403421961829278,0.24759976806114337
1091,2.5499999999999767,0.5345216879640152,6.0,-0.023444294762708165,0.5110773932013071
1092,2.599999999999977,0.4504477586037292,6.0,0.13151952018818783,0.581967278791917
1093,2.6499999999999764,0.3345555805533108,6.0,-0.3214630344588712,0.013092546094439605
1094,2.699999999999976,0.2137979593077295,6.0,-0.06648311937021104,0.14731483993751845
1095,2.749999999999976,0.1300514758566421,6.0,0.4786772971082315,0.6087287729648736
1096,2.799999999999976,0.0906600663076769,6.0,-0.08470995154301482,0.005950114764662076
1097,2.849999999999976,0.0750427390330968,6.0,-0.0698972355114868,0.005145503521610001
1098,2.8999999999999755,0.0661780422408934,6.0,0.11944790660598749,0.18562594884688088
1099,2.9499999999999758,0.0579798232811457,6.0,-0.3645121404220242,-0.3065323171408785
1100,2.999999999999975,0.0506236267012035,6.0,-0.026696072182333393,0.02392755451887011
1101,3.049999999999975,0.0459995012281783,6.0,-0.14491890749832165,-0.09891940627014334
1102,3.0999999999999748,0.0453220242945614,6.0,0.19943938871227487,0.24476141300683626
1103,3.1499999999999746,0.0485504528736969,6.0,-0.13977616267518334,-0.09122570980148643
1104,3.1999999999999744,0.054772133330927,6.0,0.2692699130869605,0.32404204641788753
1105,3.2499999999999742,0.0627729734288583,6.0,0.34626930361485475,0.40904227704371304
1106,3.299999999999974,0.0714329788743421,6.0,-0.336140877110501,-0.2647078982361589
1107,3.349999999999974,0.0799012954501062,6.0,0.16774227641352565,0.24764357186363184
1108,3.3999999999999737,0.0876223193161051,6.0,-0.26065925232438486,-0.17303693300827977
1109,3.449999999999973,0.0942905156579273,6.0,-0.24835927777875372,-0.15406876212082643
1110,3.4999999999999734,0.0997846960391543,6.0,-0.002140601652221853,0.09764409438693245
1111,3.549999999999973,0.1041066969897379,6.0,0.274177222798796,0.37828391978853393
1112,3.599999999999973,0.1073331309190273,6.0,-0.10131894708753468,0.006014183831492617
1113,3.649999999999973,0.1095808705585782,6.0,0.29423994229397543,0.4038208128525536
1114,3.6999999999999726,0.110983919217008,6.0,0.1310572187677171,0.2420411379847251
1115,3.749999999999973,0.1116787440842899,6.0,-0.2550516850039883,-0.14337294091969838
1116,3.799999999999972,0.1117955209786371,6.0,-0.16129056631249292,-0.04949504533385582
1117,3.849999999999972,0.1114533441910524,6.0,-0.13407470084431208,-0.022621356653259678
1118,3.899999999999972,0.110758013649056,6.0,-0.26403275852861213,-0.1532747448795561
1119,3.949999999999972,0.1098014457024894,6.0,0.026880515438071552,0.13668196114056094
1120,-4.0,0.9999685081297852,7.0,0.1331463966867288,1.1331149048165141
1121,-3.95,0.9999715557378418,7.0,-0.1715372588774087,0.8284342968604331
1122,-3.9,0.9999744570530746,7.0,0.04283392088529527,1.04280837793837
1123,-3.850000000000001,0.999977214178858,7.0,0.14509388554685368,1.1450710997257116
1124,-3.8000000000000007,0.9999798286962956,7.0,0.12169012047672663,1.1216699491730222
1125,-3.750000000000001,0.9999823015811804,7.0,0.05108403078118103,1.0510663323623615
1126,-3.700000000000001,0.9999846331084048,7.0,-0.048753803215211104,0.9512308298931937
1127,-3.650000000000001,0.9999868227406108,7.0,-0.12676396521695607,0.8732228575236547
1128,-3.6000000000000014,0.9999888689970516,7.0,0.005556175193692769,1.0055450441907443
1129,-3.5500000000000016,0.999990769297538,7.0,0.3913903717343174,1.3913811410318555
1130,-3.5000000000000018,0.9999925197749082,7.0,-0.18490796720900007,0.8150845525659082
1131,-3.450000000000002,0.9999941150475882,7.0,0.01787598645577321,1.0178701015033613
1132,-3.400000000000002,0.9999955479412744,7.0,-0.029744617223682424,0.970250930717592
1133,-3.3500000000000023,0.9999968091453958,7.0,0.2158846230723298,1.2158814322177256
1134,-3.3000000000000025,0.999997886785413,7.0,-0.1794345094558762,0.8205633773295369
1135,-3.2500000000000027,0.9999987658857336,7.0,0.013198088421242267,1.0131968543069758
1136,-3.200000000000003,0.9999994276893256,7.0,0.11777844111299635,1.1177778688023219
1137,-3.150000000000003,0.9999998487879742,7.0,-0.32750575426629824,0.672494094521676
1138,-3.100000000000003,0.9999999999999972,7.0,-0.3156342948219943,0.684365705178003
1139,-3.050000000000004,0.9999998449077808,7.0,-0.0974670422943791,0.9025328026134017
1140,-3.000000000000004,0.9999993379321734,7.0,-0.15740797416116564,0.8425913637710079
1141,-2.950000000000004,0.999998421769144,7.0,0.14656543248646564,1.1465638542556096
1142,-2.900000000000004,0.9999970239376592,7.0,-0.23646968504268778,0.7635273388949715
1143,-2.850000000000004,0.9999950520729978,7.0,0.39830900753618476,1.3983040596091825
1144,-2.8000000000000043,0.9999923874251962,7.0,0.2006069667810158,1.200599354206212
1145,-2.7500000000000044,0.999988875752967,7.0,-0.5457029546429468,0.4542859211100202
1146,-2.7000000000000046,0.9999843143817148,7.0,-0.2453268739896253,0.7546574403920895
1147,-2.650000000000005,0.9999784335241012,7.0,-0.013715042376425386,0.9862633911476758
1148,-2.600000000000005,0.9999708688809557,7.0,0.03099212432762659,1.0309629932085822
1149,-2.550000000000005,0.9999611207728996,7.0,-0.08868077595925403,0.9112803448136455
1150,-2.5000000000000053,0.999948492124615,7.0,0.2868944072816187,1.2868428994062338
1151,-2.450000000000005,0.9999319927188964,7.0,-0.030541210527117345,0.9693907821917791
1152,-2.4000000000000057,0.999910188864519,7.0,0.05756152312151844,1.0574717119860375
1153,-2.350000000000006,0.9998809636575184,7.0,-0.07052019774684222,0.9293607659106762
1154,-2.300000000000006,0.9998411296788248,7.0,-0.040119697827181534,0.9597214318516433
1155,-2.250000000000006,0.9997857980767384,7.0,-0.46135840798200545,0.538427390094733
1156,-2.2000000000000064,0.9997073502871932,7.0,0.07886065165993363,1.0785680019471269
1157,-2.1500000000000066,0.999593782717304,7.0,-0.06150253379350488,0.9380912489237991
1158,-2.1000000000000068,0.999426130203248,7.0,-0.1428725439879897,0.8565535862152582
1159,-2.050000000000007,0.9991747290368642,7.0,-0.07793347480288783,0.9212412542339764
1160,-2.000000000000007,0.9987945243929626,7.0,-0.032714472425242946,0.9660800519677196
1161,-1.9500000000000075,0.9982209272073316,7.0,-0.24430439966778356,0.7539165275395481
1162,-1.9000000000000077,0.9973702338721302,7.0,-0.17232475203512948,0.8250454818370008
1163,-1.850000000000008,0.99615143459059,7.0,0.037609882807060006,1.0337613173976499
1164,-1.8000000000000078,0.9944955511414516,7.0,0.04468455211441791,1.0391801032558696
1165,-1.750000000000008,0.9923987173062726,7.0,-0.18607530876569878,0.8063234085405738
1166,-1.7000000000000082,0.9899564552667154,7.0,0.36923426756910027,1.3591907228358155
1167,-1.6500000000000083,0.9873557076653704,7.0,-0.003182476198057362,0.9841732314673131
1168,-1.6000000000000083,0.9848111104197208,7.0,-0.07969571639989492,0.9051153940198259
1169,-1.5500000000000087,0.982476490320278,7.0,0.0869639960031969,1.0694404863234748
1170,-1.5000000000000089,0.980386563070646,7.0,-0.23691876893954844,0.7434677941310975
1171,-1.450000000000009,0.9784545008443152,7.0,-0.051321533389179504,0.9271329674551356
1172,-1.4000000000000092,0.9764918418236106,7.0,0.342408873350665,1.3189007151742755
1173,-1.3500000000000094,0.974179222518104,7.0,0.2036266953265661,1.17780591784467
1174,-1.3000000000000096,0.970915136763955,7.0,-0.21791817075894415,0.7529969660050109
1175,-1.2500000000000098,0.9653563160350426,7.0,0.04201557317074017,1.0073718892057828
1176,-1.20000000000001,0.9534440751630028,7.0,0.03706817983812546,0.9905122550011283
1177,-1.15000000000001,0.9204563148701262,7.0,0.10409809182976107,1.0245544066998873
1178,-1.1000000000000103,0.8412468540133815,7.0,0.055979593713366055,0.8972264477267475
1179,-1.0500000000000105,0.7739025927919151,7.0,-0.11813361660787736,0.6557689761840377
1180,-1.0000000000000109,0.7722829520092043,7.0,0.016248236321230246,0.7885311883304346
1181,-0.9500000000000108,0.7836986968878782,7.0,-0.2808226996378235,0.5028759972500547
1182,-0.900000000000011,0.7825247293370365,7.0,0.1714278000217947,0.9539525293588312
1183,-0.8500000000000112,0.7680032733873952,7.0,0.4302502209281084,1.1982534943155034
1184,-0.8000000000000114,0.7424476187010787,7.0,-0.04751705746694662,0.6949305612341321
1185,-0.7500000000000115,0.7053182813762096,7.0,0.07684887341909188,0.7821671547953014
1186,-0.7000000000000117,0.6504024644537645,7.0,0.09801768150240879,0.7484201459561732
1187,-0.6500000000000119,0.5607195870226845,7.0,0.2554430638563089,0.8161626508789934
1188,-0.6000000000000121,0.4062205425105663,7.0,0.2996792423974139,0.7058997849079802
1189,-0.5500000000000123,0.2043902707379392,7.0,0.26709535327360784,0.47148562401154703
1190,-0.5000000000000124,0.08588743630384,7.0,0.041448920780497535,0.12733635708433755
1191,-0.4500000000000126,0.0570928799420484,7.0,0.3396368496578566,0.39672972959990505
1192,-0.4000000000000128,0.0655811106034736,7.0,-0.34558640932179113,-0.28000529871831753
1193,-0.3500000000000129,0.14896183617746,7.0,0.11514188054220681,0.2641037167196668
1194,-0.3000000000000131,0.3671424559855055,7.0,-0.26299632054159167,0.10414613544391382
1195,-0.2500000000000133,0.5323671968954585,7.0,0.1951578575338363,0.7275250544292948
1196,-0.2000000000000135,0.6037176101322949,7.0,-0.006558594705052104,0.5971590154272427
1197,-0.1500000000000136,0.6487688014172972,7.0,-0.16820233418393526,0.48056646723336194
1198,-0.1000000000000138,0.6808334319706347,7.0,0.3361606105768101,1.0169940425474449
1199,-0.050000000000014,0.706034755934618,7.0,-0.16093359482582453,0.5451011611087935
1200,-1.4210854715202004e-14,0.7546115519437198,7.0,0.028420863531330425,0.7830324154750502
1201,0.0499999999999856,0.8204036862915729,7.0,-0.3099117877804936,0.5104918985110793
1202,0.0999999999999854,0.8936731906854936,7.0,0.15369213592808217,1.0473653266135758
1203,0.1499999999999852,0.9630744135664532,7.0,0.03162688844372947,0.9947013020101827
1204,0.199999999999985,0.9885720960602012,7.0,-0.28550660330504174,0.7030654927551595
1205,0.2499999999999849,0.9944528828514542,7.0,0.16928006636759377,1.163732949219048
1206,0.2999999999999847,0.9961970367754964,7.0,0.09719133158739493,1.0933883683628913
1207,0.3499999999999845,0.9968645566381332,7.0,0.17818340484673328,1.1750479614848666
1208,0.3999999999999843,0.9970230778838872,7.0,-0.16947153980483642,0.8275515380790508
1209,0.4499999999999842,0.9964377134388144,7.0,-0.012072144561863035,0.9843655688769514
1210,0.499999999999984,0.992906794404116,7.0,0.017136161469593243,1.0100429558737092
1211,0.5499999999999838,0.9745337268241316,7.0,-0.041010888780422715,0.933522838043709
1212,0.5999999999999837,0.915815883013302,7.0,-0.07735176345724744,0.8384641195560545
1213,0.6499999999999835,0.8209815856246162,7.0,-0.16547808155970714,0.6555035040649091
1214,0.6999999999999833,0.7172572250251302,7.0,0.04276472128034868,0.7600219463054789
1215,0.7499999999999831,0.6427664537421535,7.0,-0.17357334191229515,0.46919311182985834
1216,0.799999999999983,0.6432415596300127,7.0,0.14810025321308182,0.7913418128430946
1217,0.8499999999999828,0.7470771472454303,7.0,-0.09726161494219154,0.6498155323032387
1218,0.8999999999999826,0.8602091758716002,7.0,-0.2121383906254301,0.64807078524617
1219,0.9499999999999824,0.7678030257375389,7.0,0.025078415479911464,0.7928814412174503
1220,0.9999999999999822,0.83073378753226,7.0,0.08990623765794856,0.9206400251902086
1221,1.049999999999982,0.9079638742143314,7.0,-0.05631821570317361,0.8516456585111578
1222,1.099999999999982,0.9301075062055956,7.0,0.15870582507608944,1.088813331281685
1223,1.1499999999999817,0.9286440499511508,7.0,0.27480889119329777,1.2034529411444486
1224,1.1999999999999815,0.899200581765916,7.0,-0.17983336829442031,0.7193672134714957
1225,1.2499999999999811,0.7996897769513306,7.0,-0.1672402949167799,0.6324494820345506
1226,1.2999999999999812,0.5777861405768343,7.0,0.1680330675586512,0.7458192081354855
1227,1.349999999999981,0.3326376010664995,7.0,0.08526993180581607,0.4179075328723155
1228,1.3999999999999808,0.1821942978307454,7.0,0.01995091457468784,0.20214521240543323
1229,1.4499999999999806,0.1102066541973255,7.0,-0.13799266306666805,-0.027786008869342543
1230,1.4999999999999805,0.0793735827332787,7.0,0.1419305028371882,0.22130408557046688
1231,1.5499999999999805,0.0566904087858827,7.0,0.055395736443996556,0.11208614522987925
1232,1.59999999999998,0.0315929324000593,7.0,0.10536006841162622,0.13695300081168552
1233,1.64999999999998,0.0159104671716611,7.0,-0.029407407595526625,-0.013496940423865525
1234,1.6999999999999795,0.0085137009550838,7.0,0.5142114553817055,0.5227251563367893
1235,1.7499999999999796,0.005141248531371,7.0,-0.4122539055901015,-0.4071126570587305
1236,1.7999999999999794,0.0034602936739698,7.0,-0.0032636559480225193,0.00019663772594728053
1237,1.8499999999999792,0.0024983900711086,7.0,-0.16675207614764817,-0.16425368607653956
1238,1.899999999999979,0.0018568301133552,7.0,0.23530666706305708,0.23716349717641227
1239,1.9499999999999789,0.0013693336404065,7.0,-0.14702317833681083,-0.14565384469640433
1240,1.999999999999979,0.0009711466248878,7.0,0.16872853653287412,0.1696996831577619
1241,2.0499999999999785,0.0006444007980809,7.0,0.1955287980294297,0.1961731988275106
1242,2.0999999999999783,0.0003905159538756,7.0,-0.19534743964196558,-0.19495692368808998
1243,2.149999999999978,0.0002127586622985,7.0,0.24483529183932246,0.24504805050162096
1244,2.199999999999978,0.0001041822476241,7.0,-0.01133749640832569,-0.01123331416070159
1245,2.249999999999978,4.6159090877414856e-05,7.0,-0.2410896211104331,-0.2410434620195557
1246,2.2999999999999776,1.8047130836380502e-05,7.0,-0.056856699270942355,-0.05683865214010597
1247,2.349999999999977,5.404535798489333e-06,7.0,-0.2507240965938095,-0.250718692058011
1248,2.3999999999999773,5.689258658303794e-07,7.0,0.03218900714042271,0.032189576066288535
1249,2.449999999999977,0.0,7.0,-0.03181444805328693,-0.03181444805328693
1250,2.499999999999977,2.125349070744842e-06,7.0,-0.2928841115590378,-0.2928819862099671
1251,2.5499999999999767,6.230098545816047e-06,7.0,0.4266436396278073,0.42664986972635316
1252,2.599999999999977,1.1966876529753883e-05,7.0,0.12029817993172436,0.12031014680825411
1253,2.6499999999999764,1.914867359363758e-05,7.0,0.027009919267509102,0.02702906794110274
1254,2.699999999999976,2.7661399896764345e-05,7.0,0.15324874248741624,0.153276403887313
1255,2.749999999999976,3.742636282210503e-05,7.0,-0.17233341602732208,-0.17229598966449997
1256,2.799999999999976,4.83832751127918e-05,7.0,0.050926084296886824,0.05097446757199962
1257,2.849999999999976,6.048146973580249e-05,7.0,-0.05394416363655983,-0.05388368216682403
1258,2.8999999999999755,7.367440618188409e-05,7.0,0.014775910230916692,0.014849584637098576
1259,2.9499999999999758,8.791573720273905e-05,7.0,-0.3053162045969189,-0.30522828885971615
1260,2.999999999999975,0.0001031564532906,7.0,-0.32859062165710984,-0.3284874652038192
1261,3.049999999999975,0.0001193430081228,7.0,-0.005509409784217264,-0.005390066776094464
1262,3.0999999999999748,0.0001364163741125,7.0,-0.03271962838138766,-0.03258321200727516
1263,3.1499999999999746,0.000154311923821,7.0,-0.1529146813478801,-0.1527603694240591
1264,3.1999999999999744,0.000172959977389,7.0,0.22558331636704138,0.22575627634443038
1265,3.2499999999999742,0.000192286827736,7.0,-0.21983131167079617,-0.21963902484306017
1266,3.299999999999974,0.0002122160554026,7.0,0.1100959408519194,0.110308156907322
1267,3.349999999999974,0.000232669965661,7.0,0.19911336204422445,0.19934603200988543
1268,3.3999999999999737,0.0002535710127186,7.0,-0.05777423906259729,-0.05752066804987869
1269,3.449999999999973,0.0002748431118785,7.0,-0.1840435268841465,-0.183768683772268
1270,3.4999999999999734,0.000296412775148,7.0,-0.0035663177122587262,-0.0032699049371107264
1271,3.549999999999973,0.0003182100357956,7.0,0.055297368731366196,0.0556155787671618
1272,3.599999999999973,0.0003401691513259,7.0,-0.07639183574696612,-0.07605166659564022
1273,3.649999999999973,0.0003622290919753,7.0,0.018429209264365656,0.018791438356340957
1274,3.6999999999999726,0.0003843338336297,7.0,-0.019099014858719773,-0.018714681025090073
1275,3.749999999999973,0.000406432480953,7.0,0.37166287947386933,0.37206931195482235
1276,3.799999999999972,0.0004284792495267,7.0,-0.14258138613538268,-0.142152906885856
1277,3.849999999999972,0.0004504333359841,7.0,0.19032151208076817,0.19077194541675227
1278,3.899999999999972,0.0004722587034161,7.0,-0.05720269750422296,-0.05673043880080686
1279,3.949999999999972,0.0004939238064451,7.0,0.08031791803606658,0.08081184184251168
1280,-4.0,0.3233754696449687,8.0,-0.05025510762525209,0.2731203620197166
1281,-3.95,0.329756104965682,8.0,0.143902780909984,0.47365888587566596
1282,-3.9,0.3354093413652194,8.0,0.2089560073357967,0.544365348701016
1283,-3.850000000000001,0.3401838596021222,8.0,0.0483580425547963,0.38854190215691853
1284,-3.8000000000000007,0.3439206980090116,8.0,-0.21200963948136983,0.13191105852764176
1285,-3.750000000000001,0.3464559782167727,8.0,-0.005847670670308355,0.3406083075464644
1286,-3.700000000000001,0.3476243695076719,8.0,0.007569415278776034,0.3551937847864479
1287,-3.650000000000001,0.3472633902582663,8.0,-0.29894923202080226,0.048314158237464044
1288,-3.6000000000000014,0.3452186646545477,8.0,-0.07836783621902077,0.26685082843552693
1289,-3.5500000000000016,0.3413502597450371,8.0,-0.22640814794719882,0.11494211179783825
1290,-3.5000000000000018,0.3355402037987811,8.0,-0.10776369579106516,0.22777650800771593
1291,-3.450000000000002,0.3277012116724223,8.0,0.29460857913425453,0.6223097908066768
1292,-3.400000000000002,0.3177865021041304,8.0,0.22785497604515192,0.5456414781492823
1293,-3.3500000000000023,0.3058003892016565,8.0,-0.2221221472204244,0.08367824198123208
1294,-3.3000000000000025,0.2918091002649873,8.0,0.016256177929203044,0.30806527819419033
1295,-3.2500000000000027,0.2759510822615523,8.0,-0.1536681991998087,0.12228288306174359
1296,-3.200000000000003,0.2584459862520939,8.0,0.08526359491404376,0.3437095811661377
1297,-3.150000000000003,0.239601581189256,8.0,0.30117614037534934,0.5407777215646054
1298,-3.100000000000003,0.2198179079825377,8.0,0.12554741340001632,0.34536532138255405
1299,-3.050000000000004,0.1995876861907007,8.0,0.07730494128459797,0.27689262747529864
1300,-3.000000000000004,0.1794908605915089,8.0,-0.038066394251880506,0.1414244663396284
1301,-2.950000000000004,0.1601790240642519,8.0,-0.03257386438197967,0.12760515968227223
1302,-2.900000000000004,0.142342902209675,8.0,-0.3394511548550133,-0.19710825264533832
1303,-2.850000000000004,0.1266547665919674,8.0,-0.07411818412375536,0.05253658246821204
1304,-2.8000000000000043,0.1136792826673027,8.0,-0.3529211412310156,-0.23924185856371288
1305,-2.7500000000000044,0.1037513161010804,8.0,0.19002441489195143,0.29377573099303184
1306,-2.7000000000000046,0.096828411093488,8.0,-0.49075831985692914,-0.39392990876344114
1307,-2.650000000000005,0.0923463940867582,8.0,0.0003158656596117169,0.09266225974636991
1308,-2.600000000000005,0.0891485825105893,8.0,-0.018342438888250552,0.07080614362233875
1309,-2.550000000000005,0.0855996505058387,8.0,-0.019587127013822543,0.06601252349201617
1310,-2.5000000000000053,0.0799598345363772,8.0,0.2728674516188689,0.35282728615524606
1311,-2.450000000000005,0.0709431714065097,8.0,0.10578624742940393,0.17672941883591364
1312,-2.4000000000000057,0.0582139593281067,8.0,0.051953518022544505,0.1101674773506512
1313,-2.350000000000006,0.042602273973853,8.0,0.11322867683910591,0.15583095081295892
1314,-2.300000000000006,0.0261115916040915,8.0,0.15728245743400437,0.18339404903809586
1315,-2.250000000000006,0.0117337208677012,8.0,0.17631651379143212,0.18805023465913331
1316,-2.2000000000000064,0.0024788572504778,8.0,0.23536862120582144,0.23784747845629925
1317,-2.1500000000000066,0.0,8.0,-0.09979710972070135,-0.09979710972070135
1318,-2.1000000000000068,0.0045029146525533,8.0,0.1957960928037241,0.20029900745627738
1319,-2.050000000000007,0.0154695119875531,8.0,-0.29509487952580365,-0.27962536753825057
1320,-2.000000000000007,0.0318929632464467,8.0,0.06285675730623164,0.09474972055267833
1321,-1.9500000000000075,0.0525053111420763,8.0,0.0038935642082933894,0.05639887535036969
1322,-1.9000000000000077,0.0765697592927974,8.0,-0.24041181704009593,-0.16384205774729854
1323,-1.850000000000008,0.1049080043182012,8.0,0.18747847577064788,0.2923864800888491
1324,-1.8000000000000078,0.1408088783775423,8.0,-0.036501765312631745,0.10430711306491056
1325,-1.750000000000008,0.1906827257051633,8.0,0.2019016456665532,0.3925843713717165
1326,-1.7000000000000082,0.2633826963155395,8.0,0.10513473688799004,0.36851743320352953
1327,-1.6500000000000083,0.3649838141034146,8.0,-0.03344928171954107,0.33153453238387354
1328,-1.6000000000000083,0.4882825586702166,8.0,-0.17053087142889356,0.317751687241323
1329,-1.5500000000000087,0.6100220161832205,8.0,-0.03553296846005896,0.5744890477231616
1330,-1.5000000000000089,0.7073551130942797,8.0,-0.3259470153035641,0.38140809779071555
1331,-1.450000000000009,0.7741082395836207,8.0,-0.29520003003117545,0.4789082095524453
1332,-1.4000000000000092,0.8185959652191741,8.0,-0.19876187673936363,0.6198340884798105
1333,-1.3500000000000094,0.852211113057184,8.0,-0.06011137946742352,0.7920997335897605
1334,-1.3000000000000096,0.8819772353703603,8.0,-0.20890553500244205,0.6730717003679183
1335,-1.2500000000000098,0.9095269984810144,8.0,0.2715756269211461,1.1811026254021604
1336,-1.20000000000001,0.9336534826228652,8.0,-0.2864542499837964,0.6471992326390688
1337,-1.15000000000001,0.9531876777444448,8.0,0.15278231007868662,1.1059699878231315
1338,-1.1000000000000103,0.9680410839724928,8.0,-0.09403715175238775,0.874003932220105
1339,-1.0500000000000105,0.9788616033678134,8.0,-0.2842667830367805,0.6945948203310328
1340,-1.0000000000000109,0.9865125646334408,8.0,0.1278954948820787,1.1144080595155195
1341,-0.9500000000000108,0.9917917025327312,8.0,0.2438091245359041,1.2356008270686352
1342,-0.900000000000011,0.9953388720871806,8.0,0.29247698191139115,1.2878158539985718
1343,-0.8500000000000112,0.9976330867672764,8.0,0.0967169183574193,1.0943500051246957
1344,-0.8000000000000114,0.9990209529007608,8.0,0.11481399862444296,1.1138349515252037
1345,-0.7500000000000115,0.9997503508277956,8.0,0.25860829062761836,1.258358641455414
1346,-0.7000000000000117,0.9999999999999964,8.0,0.18782972083136468,1.187829720831361
1347,-0.6500000000000119,0.9999026865473296,8.0,-0.20188581624490698,0.7980168703024226
1348,-0.6000000000000121,0.9995617786142972,8.0,-0.2884814746001152,0.711080304014182
1349,-0.5500000000000123,0.9990600063307712,8.0,0.10351140813407478,1.102571414464846
1350,-0.5000000000000124,0.9984579318247392,8.0,-0.045332264811569475,0.9531256670131697
1351,-0.4500000000000126,0.9977780147571153,8.0,-0.18720207301473726,0.810575941742378
1352,-0.4000000000000128,0.9969686511276435,8.0,-0.10136263608119844,0.8956060150464451
1353,-0.3500000000000129,0.9958371903513632,8.0,0.3010464672725208,1.296883657623884
1354,-0.3000000000000131,0.9939152950490092,8.0,0.1406030926300252,1.1345183876790343
1355,-0.2500000000000133,0.9901147005425062,8.0,-0.10510558237128959,0.8850091181712165
1356,-0.2000000000000135,0.9815975963172968,8.0,0.24783099879214804,1.2294285951094448
1357,-0.1500000000000136,0.959406859756996,8.0,0.1514592781574256,1.1108661379144216
1358,-0.1000000000000138,0.898082566142407,8.0,-0.12904671539249588,0.7690358507499111
1359,-0.050000000000014,0.8724576069582733,8.0,-0.12107502157303149,0.7513825853852418
1360,-1.4210854715202004e-14,0.9682182870035676,8.0,-0.09694474959540399,0.8712735374081636
1361,0.0499999999999856,0.9667748433620362,8.0,0.18275879718055163,1.1495336405425878
1362,0.0999999999999854,0.7709019849208205,8.0,-0.19112132285980063,0.5797806620610199
1363,0.1499999999999852,0.5351078507104713,8.0,-0.07014621649550276,0.4649616342149685
1364,0.199999999999985,0.3582967527199087,8.0,0.22170256481132936,0.579999317531238
1365,0.2499999999999849,0.0373377174431386,8.0,-0.05033663651228058,-0.012998919069141981
1366,0.2999999999999847,0.2384490125499727,8.0,-0.029471066536745177,0.20897794601322753
1367,0.3499999999999845,0.1877863330920359,8.0,-0.14021624929984086,0.047570083792195045
1368,0.3999999999999843,0.728746330600613,8.0,-0.22964528853726715,0.4991010420633458
1369,0.4499999999999842,0.9529612020999302,8.0,-0.00269969200386479,0.9502615100960654
1370,0.499999999999984,0.9722736271680884,8.0,0.07349631996359231,1.0457699471316808
1371,0.5499999999999838,0.6060999786719433,8.0,0.2702147276583629,0.8763147063303063
1372,0.5999999999999837,0.7871443591646416,8.0,-0.017504699536190233,0.7696396596284514
1373,0.6499999999999835,0.9264592076967034,8.0,0.3547249392886885,1.281184146985392
1374,0.6999999999999833,0.9478447891055852,8.0,0.045937669703734106,0.9937824588093194
1375,0.7499999999999831,0.949260563054326,8.0,-0.23671738611145043,0.7125431769428756
1376,0.799999999999983,0.9454535835674728,8.0,-0.2395263892912827,0.7059271942761901
1377,0.8499999999999828,0.9398809363520428,8.0,-0.019738918029007093,0.9201420183230358
1378,0.8999999999999826,0.9337186440387912,8.0,-0.02618659268584557,0.9075320513529457
1379,0.9499999999999824,0.9275349054520704,8.0,-0.15688791146565031,0.7706469939864201
1380,0.9999999999999822,0.9216524451629852,8.0,0.015986279484970292,0.9376387246479555
1381,1.049999999999982,0.9162441874636492,8.0,-0.18095530448196476,0.7352888829816845
1382,1.099999999999982,0.9113725003210016,8.0,-0.14236490043727887,0.7690075998837227
1383,1.1499999999999817,0.9070187522260056,8.0,-0.10204251658919064,0.804976235636815
1384,1.1999999999999815,0.9031110428938582,8.0,-0.28159898692042795,0.6215120559734303
1385,1.2499999999999811,0.8995488150733141,8.0,0.0357461324845637,0.9352949475578778
1386,1.2999999999999812,0.8962223158838505,8.0,-0.11970002919633042,0.7765222866875201
1387,1.349999999999981,0.8930261867456653,8.0,-0.3320419005995619,0.5609842861461034
1388,1.3999999999999808,0.8898676982706122,8.0,0.15998169650781227,1.0498493947784244
1389,1.4499999999999806,0.8866707880475966,8.0,-0.09524880894507125,0.7914219791025253
1390,1.4999999999999805,0.8833771820914568,8.0,-0.21006013267582324,0.6733170494156335
1391,1.5499999999999805,0.879945706912356,8.0,0.33536591034912694,1.2153116172614828
1392,1.59999999999998,0.8763506173278306,8.0,-0.055290046645061305,0.8210605706827693
1393,1.64999999999998,0.8725794890744085,8.0,0.10458390041721365,0.9771633894916222
1394,1.6999999999999795,0.8686310058578381,8.0,0.2048957736344097,1.0735267794922478
1395,1.7499999999999796,0.8645128189714191,8.0,-0.06392246875618,0.800590350215239
1396,1.7999999999999794,0.8602395650619717,8.0,0.31914058520886035,1.179380150270832
1397,1.8499999999999792,0.8558310776761255,8.0,0.07367489993533767,0.9295059776114633
1398,1.899999999999979,0.8513108045267189,8.0,0.0362004180086833,0.8875112225354023
1399,1.9499999999999789,0.8467044322412318,8.0,0.14529695064618503,0.9920013828874168
1400,1.999999999999979,0.8420387155667673,8.0,0.18009455547869696,1.0221332710454643
1401,2.0499999999999785,0.8373405045118915,8.0,0.11772501441201787,0.9550655189239093
1402,2.0999999999999783,0.8326359593463908,8.0,-0.12326122641433959,0.7093747329320512
1403,2.149999999999978,0.8279499398217751,8.0,-0.3589567933269777,0.4689931464947974
1404,2.199999999999978,0.8233055519394095,8.0,0.088770126011404,0.9120756779508135
1405,2.249999999999978,0.8187238335206325,8.0,0.5726568788565363,1.3913807123771686
1406,2.2999999999999776,0.8142235588988158,8.0,-0.3016842249143187,0.5125393339844971
1407,2.349999999999977,0.8098211431836031,8.0,0.09789664488330513,0.9077177880669083
1408,2.3999999999999773,0.8055306275196348,8.0,-0.31857762592372385,0.48695300159591093
1409,2.449999999999977,0.8013637283039269,8.0,-0.03260835429917972,0.7687553740047471
1410,2.499999999999977,0.7973299351859118,8.0,0.21309393980571162,1.0104238749916234
1411,2.5499999999999767,0.7934366446538242,8.0,0.09048959777865005,0.8839262424324743
1412,2.599999999999977,0.7896893179727388,8.0,-0.07371351304416755,0.7159758049285713
1413,2.6499999999999764,0.786091654097419,8.0,-0.1493163704051431,0.6367752836922759
1414,2.699999999999976,0.7826457698899856,8.0,0.2503188413860415,1.0329646112760271
1415,2.749999999999976,0.7793523815065345,8.0,0.18162135245167346,0.960973733958208
1416,2.799999999999976,0.7762109821718404,8.0,-0.06428484495124026,0.7119261372206
1417,2.849999999999976,0.7732200127395039,8.0,0.11591351679243651,0.8891335295319405
1418,2.8999999999999755,0.7703770224435987,8.0,-0.11091809142777163,0.6594589310158271
1419,2.9499999999999758,0.7676788180971419,8.0,0.05176792191448142,0.8194467400116233
1420,2.999999999999975,0.7651216006943482,8.0,-0.08920057620127325,0.6759210244930749
1421,3.049999999999975,0.7627010889411099,8.0,0.03507180026964099,0.7977728892107508
1422,3.0999999999999748,0.7604126296854425,8.0,0.08176660909313917,0.8421792387785817
1423,3.1499999999999746,0.7582512955615494,8.0,-0.17494562818385276,0.5833056673776966
1424,3.1999999999999744,0.7562119704121756,8.0,0.27287154113256673,1.0290835115447423
1425,3.2499999999999742,0.7542894232285261,8.0,0.2685888668246596,1.0228782900531856
1426,3.299999999999974,0.7524783714583286,8.0,-0.14034388133780762,0.612134490120521
1427,3.349999999999974,0.7507735345932518,8.0,-0.05143580570306974,0.6993377288901821
1428,3.3999999999999737,0.7491696789675261,8.0,-0.4262056118996123,0.32296406706791375
1429,3.449999999999973,0.747661654690028,8.0,-0.06730332635836056,0.6803583283316674
1430,3.4999999999999734,0.7462444256002587,8.0,0.42210085670563596,1.1683452823058946
1431,3.549999999999973,0.7449130930913253,8.0,0.022992185464619543,0.7679052785559448
1432,3.599999999999973,0.7436629145857242,8.0,0.048663821128796615,0.7923267357145208
1433,3.649999999999973,0.7424893173866276,8.0,-0.03830446843245242,0.7041848489541752
1434,3.6999999999999726,0.7413879085619637,8.0,0.3438012953951244,1.085189203957088
1435,3.749999999999973,0.7403544814531647,8.0,0.03623371948664784,0.7765882009398126
1436,3.799999999999972,0.73938501933703,8.0,-0.003068833575828911,0.7363161857612012
1437,3.849999999999972,0.7384756967087684,8.0,0.13871444841917932,0.8771901451279478
1438,3.899999999999972,0.7376228785978923,8.0,-0.23244877708674486,0.5051741015111475
1439,3.949999999999972,0.736823118276581,8.0,-0.08703496712904031,0.6497881511475406
1440,-4.0,0.9953336645397376,9.0,-0.08177169847802102,0.9135619660617166
1441,-3.95,0.9960920088824898,9.0,0.07917353680803228,1.075265545690522
1442,-3.9,0.9967683501760464,9.0,0.2859199394645386,1.282688289640585
1443,-3.850000000000001,0.9973715312588168,9.0,0.2878633096013726,1.2852348408601895
1444,-3.8000000000000007,0.9979079026772512,9.0,-0.07081811273474758,0.9270897899425036
1445,-3.750000000000001,0.9983817036016736,9.0,-0.0844371963917408,0.9139445072099328
1446,-3.700000000000001,0.9987954249750242,9.0,0.098811424286339,1.097606849261363
1447,-3.650000000000001,0.9991501212715962,9.0,0.08834910420838164,1.0874992254799778
1448,-3.6000000000000014,0.9994456568603276,9.0,0.025454358890838764,1.0249000157511663
1449,-3.5500000000000016,0.9996808841494828,9.0,-0.2556715253488654,0.7440093588006174
1450,-3.5000000000000018,0.9998537561422624,9.0,0.19008624988760423,1.1899400060298666
1451,-3.450000000000002,0.9999613777928616,9.0,0.26095235052550797,1.2609137283183696
1452,-3.400000000000002,0.9999999999999988,9.0,-0.09828495584550906,0.9017150441544897
1453,-3.3500000000000023,0.9999649580494724,9.0,-0.36339381323161124,0.6365711448178611
1454,-3.3000000000000025,0.9998505532406023,9.0,0.16455496227944447,1.1644055155200468
1455,-3.2500000000000027,0.9996498723987742,9.0,0.1452811545194618,1.144931026918236
1456,-3.200000000000003,0.9993545348034604,9.0,0.3223623427947138,1.3217168775981742
1457,-3.150000000000003,0.9989543492812512,9.0,0.26872973268604256,1.2676840819672937
1458,-3.100000000000003,0.9984368550163464,9.0,-0.18893616229793303,0.8095006927184134
1459,-3.050000000000004,0.997786706728892,9.0,0.19607269842385877,1.1938594051527507
1460,-3.000000000000004,0.9969848462631962,9.0,-0.32906331869229294,0.6679215275709032
1461,-2.950000000000004,0.99600737521405,9.0,-0.04143782314619967,0.9545695520678503
1462,-2.900000000000004,0.9948240022033892,9.0,-0.3311605756164903,0.6636634265868988
1463,-2.850000000000004,0.9933958764136422,9.0,0.11963445506804123,1.1130303314816834
1464,-2.8000000000000043,0.991672524780768,9.0,-0.28505504200573506,0.7066174827750329
1465,-2.7500000000000044,0.9895874674309808,9.0,-0.0016559032386776061,0.9879315641923032
1466,-2.7000000000000046,0.9870518722592454,9.0,0.07979196425149832,1.0668438365107438
1467,-2.650000000000005,0.98394530031035,9.0,-0.03432794717297191,0.949617353137378
1468,-2.600000000000005,0.980102178946806,9.0,-0.2194018511365934,0.7607003278102126
1469,-2.550000000000005,0.9752921827022748,9.0,0.30118743344332455,1.2764796161455993
1470,-2.5000000000000053,0.9691925052195802,9.0,-0.07068789810395722,0.898504607115623
1471,-2.450000000000005,0.961351034831784,9.0,-0.029493546070653055,0.931857488761131
1472,-2.4000000000000057,0.9511442108276096,9.0,-0.0870765073200323,0.8640677035075772
1473,-2.350000000000006,0.937747021210302,9.0,0.26332351896588485,1.2010705401761868
1474,-2.300000000000006,0.9201615957317396,9.0,0.04695508253850629,0.9671166782702459
1475,-2.250000000000006,0.8973886579726397,9.0,0.05699101689372079,0.9543796748663604
1476,-2.2000000000000064,0.8688178018024986,9.0,0.14591719820477828,1.0147350000072768
1477,-2.1500000000000066,0.8347519937308517,9.0,0.0432664363862227,0.8780184301170745
1478,-2.1000000000000068,0.7965978284943371,9.0,-0.04366638227025386,0.7529314462240833
1479,-2.050000000000007,0.7562864472229232,9.0,-0.14922453548559814,0.607061911737325
1480,-2.000000000000007,0.7252292095578442,9.0,-0.10841891599330013,0.6168102935645441
1481,-1.9500000000000075,0.7328615099689262,9.0,-0.013188194423239057,0.7196733155456871
1482,-1.9000000000000077,0.7747855510009236,9.0,0.20404071349648475,0.9788262644974084
1483,-1.850000000000008,0.8369781547345329,9.0,0.19080568421563637,1.0277838389501692
1484,-1.8000000000000078,0.8529580848797391,9.0,-0.17703668191703542,0.6759214029627036
1485,-1.750000000000008,0.6041210690447684,9.0,-0.2310086666121283,0.3731124024326401
1486,-1.7000000000000082,0.4774048918470267,9.0,0.1406020047663962,0.6180068966134229
1487,-1.6500000000000083,0.5661368721382403,9.0,0.027995526332483034,0.5941323984707233
1488,-1.6000000000000083,0.5754693247995717,9.0,0.14014605179079676,0.7156153765903684
1489,-1.5500000000000087,0.6126791646293842,9.0,0.26230786232628783,0.8749870269556721
1490,-1.5000000000000089,0.6425056109020166,9.0,0.22820708851049537,0.8707126994125121
1491,-1.450000000000009,0.671192142740129,9.0,0.14177079486164873,0.8129629376017777
1492,-1.4000000000000092,0.7053110620123223,9.0,-0.14437694165041237,0.5609341203619099
1493,-1.3500000000000094,0.7407638852465407,9.0,0.12744563794837857,0.8682095231949193
1494,-1.3000000000000096,0.7448331904742215,9.0,-0.11694683073607963,0.6278863597381419
1495,-1.2500000000000098,0.6665219992658447,9.0,-0.24758650271076052,0.4189354965550841
1496,-1.20000000000001,0.5007540616725406,9.0,0.15504467674916098,0.6557987384217016
1497,-1.15000000000001,0.4056875338331565,9.0,-0.1893088687457627,0.21637866508739378
1498,-1.1000000000000103,0.4380905992238122,9.0,-0.05279199311126978,0.3852986061125424
1499,-1.0500000000000105,0.5818069868020924,9.0,-0.23603460373318588,0.34577238306890656
1500,-1.0000000000000109,0.7049058761297451,9.0,0.2568480832920274,0.9617539594217726
1501,-0.9500000000000108,0.6599081513704618,9.0,0.1921102372260506,0.8520183885965124
1502,-0.900000000000011,0.3848636574320624,9.0,0.1330654924903948,0.5179291499224572
1503,-0.8500000000000112,0.1466658752280297,9.0,0.0988340786458956,0.24549995387392531
1504,-0.8000000000000114,0.0673549689883116,9.0,0.10903467096964137,0.17638963995795298
1505,-0.7500000000000115,0.0326654160205438,9.0,0.04781086744861781,0.08047628346916161
1506,-0.7000000000000117,0.0186731913774744,9.0,-0.18239126319381638,-0.163718071816342
1507,-0.6500000000000119,0.0135762535719491,9.0,-0.05105168966720235,-0.03747543609525325
1508,-0.6000000000000121,0.0120280370114527,9.0,-0.20614345741689502,-0.19411542040544233
1509,-0.5500000000000123,0.0119565035130321,9.0,0.09898776636959547,0.11094426988262757
1510,-0.5000000000000124,0.012395720838784,9.0,0.11781189078804001,0.130207611626824
1511,-0.4500000000000126,0.0127727411804769,9.0,-0.24069950149198396,-0.22792676031150708
1512,-0.4000000000000128,0.0127407204407301,9.0,-0.4046419333846969,-0.3919012129439668
1513,-0.3500000000000129,0.0121746979919857,9.0,-0.13409712622721126,-0.12192242823522556
1514,-0.3000000000000131,0.0111707916278871,9.0,-0.05918959705346576,-0.04801880542557867
1515,-0.2500000000000133,0.0099645503226939,9.0,0.1908376117841634,0.20080216210685728
1516,-0.2000000000000135,0.0087815983039117,9.0,-0.03408807273773136,-0.02530647443381966
1517,-0.1500000000000136,0.0077401785183499,9.0,-0.009095514914613157,-0.001355336396263257
1518,-0.1000000000000138,0.0068503539237368,9.0,-0.31490036785095515,-0.30805001392721837
1519,-0.050000000000014,0.0060628910271254,9.0,-0.14174816625221903,-0.13568527522509363
1520,-1.4210854715202004e-14,0.005319524381096,9.0,-0.23840503325810528,-0.23308550887700927
1521,0.0499999999999856,0.004578425426014,9.0,-0.05115247472966051,-0.04657404930364651
1522,0.0999999999999854,0.0038186748986176,9.0,0.15218522676770582,0.1560039016663234
1523,0.1499999999999852,0.0030396617216364,9.0,-0.17150130374201916,-0.16846164202038277
1524,0.199999999999985,0.0022619489200182,9.0,0.05496676826663373,0.05722871718665193
1525,0.2499999999999849,0.0015260038695632,9.0,0.06433418582088467,0.06586018969044787
1526,0.2999999999999847,0.0008846936693755,9.0,-0.1311037880155457,-0.1302190943461702
1527,0.3499999999999845,0.0003913712607426,9.0,0.031025013453732795,0.031416384714475394
1528,0.3999999999999843,8.87119767450899e-05,9.0,-0.07650937462851776,-0.07642066265177266
1529,0.4499999999999842,0.0,9.0,-0.033179758937483685,-0.033179758937483685
1530,0.499999999999984,0.0001278065876138,9.0,-0.22642285050944064,-0.22629504392182684
1531,0.5499999999999838,0.0005502856071577,9.0,0.6426375498631152,0.6431878354702729
1532,0.5999999999999837,0.0019579220113254,9.0,0.17605487120408725,0.17801279321541266
1533,0.6499999999999835,0.0075924704406928,9.0,-0.06242430336293418,-0.054831832922241384
1534,0.6999999999999833,0.0348615767732579,9.0,0.4000959134530513,0.4349574902263092
1535,0.7499999999999831,0.05342174499005,9.0,-0.08152884262716235,-0.028107097637112353
1536,0.799999999999983,0.0438637301888312,9.0,-0.12254232536796596,-0.07867859517913475
1537,0.8499999999999828,0.0289436043598886,9.0,0.1950118124573627,0.2239554168172513
1538,0.8999999999999826,0.0378022299906298,9.0,-0.26054631702799574,-0.22274408703736595
1539,0.9499999999999824,0.1365872301956786,9.0,-0.13809864155770213,-0.0015114113620235403
1540,0.9999999999999822,0.5174635063082209,9.0,0.040009775248885514,0.5574732815571064
1541,1.049999999999982,0.8654151705226794,9.0,0.1596150731808136,1.025030243703493
1542,1.099999999999982,0.961515073289592,9.0,0.008931309334360033,0.970446382623952
1543,1.1499999999999817,0.9833547848297988,9.0,-0.034541222152007285,0.9488135626777915
1544,1.1999999999999815,0.9878412506195114,9.0,0.1236163829122142,1.1114576335317257
1545,1.2499999999999811,0.9874833285162996,9.0,-0.3775545803108466,0.609928748205453
1546,1.2999999999999812,0.985566369746214,9.0,0.11230799447250327,1.0978743642187172
1547,1.349999999999981,0.9830848325214696,9.0,0.19292755074415208,1.1760123832656217
1548,1.3999999999999808,0.9802988887857148,9.0,0.04740967097901723,1.027708559764732
1549,1.4499999999999806,0.977150220340776,9.0,0.08393036789689685,1.0610805882376728
1550,1.4999999999999805,0.9733648525502052,9.0,-0.2591156527692363,0.7142491997809689
1551,1.5499999999999805,0.9684127412704372,9.0,-0.29093857395181727,0.67747416731862
1552,1.59999999999998,0.9613941094841322,9.0,-0.11584950560202992,0.8455446038821023
1553,1.64999999999998,0.951033437309508,9.0,0.2292635716532571,1.1802970089627651
1554,1.6999999999999795,0.9360545629090136,9.0,0.009879934368146798,0.9459344972771604
1555,1.7499999999999796,0.9159132786712388,9.0,0.026392155619376367,0.9423054342906152
1556,1.7999999999999794,0.8913633194946006,9.0,-0.09862464483296049,0.79273867466164
1557,1.8499999999999792,0.8643084448363181,9.0,0.11275954320287802,0.9770679880391961
1558,1.899999999999979,0.8369382014725125,9.0,-0.12943014561346777,0.7075080558590447
1559,1.9499999999999789,0.8107271905825928,9.0,0.12393621196172694,0.9346634025443197
1560,1.999999999999979,0.7859232587900626,9.0,-0.046085819193096976,0.7398374395969657
1561,2.0499999999999785,0.7616660969188355,9.0,-0.10525979288233822,0.6564063040364972
1562,2.0999999999999783,0.736449931172392,9.0,0.15018995023227347,0.8866398814046654
1563,2.149999999999978,0.7086019761340296,9.0,0.17602705745056424,0.8846290335845939
1564,2.199999999999978,0.6766287569237757,9.0,0.02656687581252279,0.7031956327362985
1565,2.249999999999978,0.6394494207315142,9.0,0.06391073635844857,0.7033601570899628
1566,2.2999999999999776,0.5965982890581095,9.0,0.10224076028156728,0.6988390493396768
1567,2.349999999999977,0.5484375333793532,9.0,0.06514285642236879,0.613580389801722
1568,2.3999999999999773,0.4963087324870351,9.0,0.13332453448377588,0.629633266970811
1569,2.449999999999977,0.4424569786307034,9.0,0.004941724404395942,0.4473987030350993
1570,2.499999999999977,0.3896133788875161,9.0,0.01609814554710723,0.4057115244346233
1571,2.5499999999999767,0.3403474479618266,9.0,-0.023897004959295254,0.31645044300253133
1572,2.599999999999977,0.2964996326521875,9.0,0.09851627242248748,0.395015905074675
1573,2.6499999999999764,0.2589494922863528,9.0,0.02961711113449486,0.2885666034208476
1574,2.699999999999976,0.227729894071461,9.0,0.15051779911318885,0.37824769318464985
1575,2.749999999999976,0.2023177150567844,9.0,-0.10663640594491453,0.09568130911186987
1576,2.799999999999976,0.1819272923924287,9.0,-0.04780649684606021,0.13412079554636847
1577,2.849999999999976,0.165720096581338,9.0,0.4676655529696205,0.6333856495509584
1578,2.8999999999999755,0.1529206383136316,9.0,-0.06960938064223865,0.08331125767139294
1579,2.9499999999999758,0.142862845213576,9.0,-0.48847424798270694,-0.34561140276913094
1580,2.999999999999975,0.1349955826389318,9.0,0.26790037933608823,0.40289596197502003
1581,3.049999999999975,0.1288688251073436,9.0,0.1445357562381184,0.27340458134546197
1582,3.0999999999999748,0.1241135810415161,9.0,-0.007665382053218828,0.11644819898829727
1583,3.1499999999999746,0.1204225186203608,9.0,-0.05418147454124138,0.06624104407911942
1584,3.1999999999999744,0.1175345052439528,9.0,-0.21049103869247127,-0.09295653344851847
1585,3.2499999999999742,0.1152241515976129,9.0,-0.13723818091831191,-0.022014029320699013
1586,3.299999999999974,0.1132961707934149,9.0,0.10690771145885529,0.2202038822522702
1587,3.349999999999974,0.1115834868207008,9.0,0.0395447904690862,0.151128277289787
1588,3.3999999999999737,0.1099474571717702,9.0,-0.09981761618155213,0.010129840990218061
1589,3.449999999999973,0.1082784151173173,9.0,0.10164511792404972,0.20992353304136702
1590,3.4999999999999734,0.1064950843488715,9.0,0.061208098154388504,0.16770318250326
1591,3.549999999999973,0.1045421893578153,9.0,-0.18670363427425227,-0.08216144491643697
1592,3.599999999999973,0.1023864847814208,9.0,0.07867090232527857,0.18105738710669939
1593,3.649999999999973,0.1000120860622117,9.0,0.023508558486393463,0.12352064454860516
1594,3.6999999999999726,0.0974161588420069,9.0,0.18463796351252187,0.28205412235452876
1595,3.749999999999973,0.0946057220577263,9.0,0.029111922144513646,0.12371764420223995
1596,3.799999999999972,0.0915957631671792,9.0,0.06866759111731247,0.16026335428449168
1597,3.849999999999972,0.0884083457110604,9.0,-0.27053340720736035,-0.18212506149629995
1598,3.899999999999972,0.0850721162865953,9.0,0.16547376688168186,0.2505458831682772
1599,3.949999999999972,0.0816216379217529,9.0,0.002260372357460322,0.08388201027921321
