,x1,y,rep,ymodel
0,-1.9900000000000428,0.0034008070880304,0.0,0.03775525477601216
1,-1.980000000000043,0.0034014272920895,0.0,0.03669195920947041
2,-1.9700000000000435,0.0034020474961487,0.0,0.03563390880333553
3,-1.9600000000000437,0.0034026677002079,0.0,0.0345813052866529
4,-1.950000000000044,0.0034032879042671,0.0,0.03353435528059212
5,-1.940000000000044,0.0034039081083263,0.0,0.032493270417158965
6,-1.930000000000044,0.0034045283123855,0.0,0.0314582674598332
7,-1.9200000000000443,0.0034051485164447,0.0,0.0304295684260697
8,-1.9100000000000448,0.0034057687205039,0.0,0.029407400711585093
9,-1.9000000000000448,0.003406388924563,0.0,0.028391997216350297
10,-1.890000000000045,0.0034070091286222,0.0,0.027383596472192944
11,-1.8800000000000447,0.0034076293326814,0.0,0.026382442771905056
12,-1.8700000000000452,0.0034082495367406,0.0,0.025388786299734737
13,-1.8600000000000456,0.0034088697407998,0.0,0.024402883263131586
14,-1.8500000000000456,0.0034094899448589,0.0,0.02342499602560004
15,-1.840000000000046,0.0034101101489181,0.0,0.022455393240495534
16,-1.8300000000000465,0.0034107303529773,0.0,0.021494349985592187
17,-1.8200000000000465,0.0034113505570365,0.0,0.02054214789821736
18,-1.810000000000047,0.0034119707610957,0.0,0.01959907531075211
19,-1.800000000000047,0.0034125909651549,0.0,0.018665427386252226
20,-1.790000000000047,0.0034132111692141,0.0,0.017741506253948373
21,-1.780000000000047,0.0034138313732733,0.0,0.016827621144342685
22,-1.7700000000000475,0.0034144515773324,0.0,0.01592408852360904
23,-1.7600000000000475,0.0034150717813916,0.0,0.015031232226974105
24,-1.750000000000048,0.0034156919854508,0.0,0.014149383590733863
25,-1.7400000000000482,0.00341631218951,0.0,0.013278881582530253
26,-1.7300000000000484,0.0034169323935692,0.0,0.012420072929488973
27,-1.7200000000000486,0.0034175525976283,0.0,0.01157331224378932
28,-1.7100000000000488,0.0034181728016876,0.0,0.010738962145198875
29,-1.700000000000049,0.0034187930057467,0.0,0.009917393380087656
30,-1.6900000000000492,0.0034194132098059,0.0,0.009108984936391062
31,-1.6800000000000497,0.0034200334138651,0.0,0.008314124153957983
32,-1.6700000000000497,0.0034206536179243,0.0,0.007533206829690459
33,-1.66000000000005,0.0034212738219835,0.0,0.0067666373168354076
34,-1.65000000000005,0.0034218940260427,0.0,0.006014828617753751
35,-1.6400000000000503,0.0034225142301019,0.0,0.005278202469452719
36,-1.6300000000000503,0.003423134434161,0.0,0.004557189421120964
37,-1.6200000000000507,0.0034237546382202,0.0,0.0038522289028641056
38,-1.610000000000051,0.0034243748422794,0.0,0.00316376928479771
39,-1.6000000000000512,0.0034249950463386,0.0,0.0024922679256045074
40,-1.5900000000000514,0.0034256152503978,0.0,0.0018381912096126878
41,-1.5800000000000516,0.0034262354544569,0.0,0.001202014571414868
42,-1.5700000000000518,0.0034268556585162,0.0,0.0005842225069840933
43,-1.560000000000052,0.0034274758625753,0.0,-1.4691429790983021e-05
44,-1.5500000000000522,0.0034280960666345,0.0,-0.0005942246462944424
45,-1.5400000000000524,0.0034287162706937,0.0,-0.0011538655472785571
46,-1.5300000000000529,0.0034293364747528,0.0,-0.0016930935891038843
47,-1.5200000000000529,0.003429956678812,0.0,-0.0022113793534089907
48,-1.510000000000053,0.0034305768828712,0.0,-0.002708184641556326
49,-1.5000000000000533,0.0034311970869304,0.0,-0.0031829625912318618
50,-1.4900000000000535,0.0034318172909896,0.0,-0.0036351578166414623
51,-1.4800000000000535,0.0034324374950488,0.0,-0.004064206573788004
52,-1.470000000000054,0.003433057699108,0.0,-0.004469536952348072
53,-1.460000000000054,0.0034336779031672,0.0,-0.004850569095736315
54,-1.4500000000000544,0.0034342981072263,0.0,-0.005206715450953508
55,-1.4400000000000546,0.0034349183112855,0.0,-0.005537381049879122
56,-1.4300000000000548,0.0034355385153447,0.0,-0.00584196382367916
57,-1.420000000000055,0.003338495872956,0.0,-0.006119854952048291
58,-1.4100000000000552,0.0032189631902289,0.0,-0.00637043924901453
59,-1.4000000000000554,0.0030994305075018,0.0,-0.006593095587054268
60,-1.3900000000000556,0.0029798978247747,0.0,-0.006787197361281922
61,-1.3800000000000558,0.0028603651420477,0.0,-0.0069521129954712504
62,-1.370000000000056,0.0027408324593206,0.0,-0.007087206491666385
63,-1.3600000000000565,0.0026212997765936,0.0,-0.007191838025121572
64,-1.3500000000000565,0.0025017670938664,0.0,-0.007265364586283539
65,-1.3400000000000567,0.0023822344111394,0.0,-0.007307140671489471
66,-1.330000000000057,0.0022627017284123,0.0,-0.007316519024007784
67,-1.3200000000000571,0.0021431690456852,0.0,-0.007292851426981777
68,-1.3100000000000571,0.0020236363629582,0.0,-0.007235489549754718
69,-1.3000000000000576,0.0019041036802311,0.0,-0.0071437858489665045
70,-1.2900000000000578,0.001784570997504,0.0,-0.0070170945256905586
71,-1.280000000000058,0.001665038314777,0.0,-0.006854772539758454
72,-1.2700000000000582,0.0015455056320499,0.0,-0.006656180682260136
73,-1.2600000000000584,0.0014259729493228,0.0,-0.006420684707042578
74,-1.2500000000000586,0.0013064402665957,0.0,-0.006147656521835306
75,-1.2400000000000588,0.0011869075838687,0.0,-0.005836475439414255
76,-1.230000000000059,0.0010673749011416,0.0,-0.005486529488976216
77,-1.2200000000000593,0.0009478422184145,0.0,-0.005097216787632878
78,-1.2100000000000597,0.0008283095356875,0.0,-0.004667946971641777
79,-1.2000000000000597,0.0007087768529603,0.0,-0.004198142686676286
80,-1.19000000000006,0.0005892441702333,0.0,-0.0036872411360943094
81,-1.18000000000006,0.0004697114875062,0.0,-0.0031346956857948886
82,-1.1700000000000603,0.0003501788047791,0.0,-0.00253997752385708
83,-1.1600000000000603,0.0002306461220521,0.0,-0.0019025773727273463
84,-1.1500000000000608,0.0001305353424955,0.0,-0.0012220072512807798
85,-1.140000000000061,0.0001044282739968,0.0,-0.0004978022835965311
86,-1.1300000000000612,7.832120549826105e-05,0.0,0.000270477449202086
87,-1.1200000000000614,5.221413699958908e-05,0.0,0.0010832450182245625
88,-1.1100000000000616,2.61070685009943e-05,0.0,0.0019408847219208672
89,-1.1000000000000618,2.351843829571674e-15,0.0,0.002843750132300057
90,-1.090000000000062,0.0001974648112708,0.0,0.0037921621181223122
91,-1.0800000000000622,0.0004650269657634,0.0,0.00478640685149905
92,-1.0700000000000625,0.0007325891202559,0.0,0.005826733804953599
93,-1.060000000000063,0.0010001512747484,0.0,0.006913353746574494
94,-1.0500000000000629,0.001267713429241,0.0,0.008046436741509446
95,-1.040000000000063,0.0015352755837335,0.0,0.009226110168628222
96,-1.0300000000000633,0.0023155962404619,0.0,0.010452456761768328
97,-1.0200000000000635,0.0045331448373441,0.0,0.011725512685535094
98,-1.0100000000000635,0.0067506934342264,0.0,0.013045265656158805
99,-1.000000000000064,0.0089682420311086,0.0,0.014411653118413501
100,-0.9900000000000642,0.0111857906279908,0.0,0.01582456049005392
101,-0.9800000000000644,0.013403339224873,0.0,0.01728381948563695
102,-0.9700000000000646,0.0150829908333121,0.0,0.018789206531937462
103,-0.9600000000000648,0.0165341212180787,0.0,0.02034044128744834
104,-0.950000000000065,0.0179852516028451,0.0,0.02193718527865301
105,-0.9400000000000652,0.0194363819876117,0.0,0.023579040665879694
106,-0.9300000000000654,0.0208875123723783,0.0,0.025265549151566136
107,-0.9200000000000657,0.0223386427571449,0.0,0.026996191043679164
108,-0.910000000000066,0.0245153070933412,0.0,0.028770384486848547
109,-0.9000000000000661,0.027069796791594,0.0,0.030587484873464025
110,-0.8900000000000663,0.0296242864898468,0.0,0.03244678444655205
111,-0.8800000000000665,0.0321787761880996,0.0,0.03434751210568973
112,-0.8700000000000667,0.0347332658863523,0.0,0.03628883342652135
113,-0.8600000000000669,0.0372877555846051,0.0,0.03826985090361425
114,-0.8500000000000671,0.0398422452828579,0.0,0.04028960442542674
115,-0.8400000000000674,0.0423967349811106,0.0,0.04234707198906462
116,-0.8300000000000676,0.0449512246793635,0.0,0.044441170661264115
117,-0.8200000000000678,0.0475057143776163,0.0,0.04657075779068667
118,-0.810000000000068,0.050060204075869,0.0,0.04873463247512447
119,-0.8000000000000682,0.0526146937741218,0.0,0.05093153728562112
120,-0.7900000000000684,0.0551691834723746,0.0,0.053160160247816335
121,-0.7800000000000686,0.0577236731706273,0.0,0.055419137079039726
122,-0.7700000000000689,0.0602781628688801,0.0,0.057707053677815506
123,-0.7600000000000691,0.0628326525671329,0.0,0.06002244886053071
124,-0.7500000000000693,0.0653871422653858,0.0,0.06236381733805982
125,-0.7400000000000695,0.0679416319636385,0.0,0.06472961292317804
126,-0.7300000000000697,0.0704961216618912,0.0,0.06711825195762111
127,-0.7200000000000699,0.0730506113601441,0.0,0.06952811694572457
128,-0.7100000000000701,0.0756051010583968,0.0,0.07195756037968219
129,-0.7000000000000703,0.0781595907566496,0.0,0.07440490873966138
130,-0.6900000000000706,0.0807140804549024,0.0,0.0768684666503089
131,-0.6800000000000708,0.0832685701531552,0.0,0.07934652117358895
132,-0.670000000000071,0.0858230598514079,0.0,0.08183734621647246
133,-0.6600000000000712,0.0883775495496607,0.0,0.08433920703072015
134,-0.6500000000000714,0.0909320392479136,0.0,0.08685036478093035
135,-0.6400000000000716,0.0934865289461664,0.0,0.08936908115614846
136,-0.6300000000000718,0.0960410186444191,0.0,0.09189362299968606
137,-0.620000000000072,0.0985955083426719,0.0,0.09442226693138107
138,-0.6100000000000723,0.1011499980409246,0.0,0.09695330393635251
139,-0.6000000000000725,0.1037044877391774,0.0,0.09948504389438632
140,-0.5900000000000727,0.1062298841605883,0.0,0.1020158200244014
141,-0.5800000000000729,0.1086969514722701,0.0,0.10454399321902677
142,-0.5700000000000731,0.1111640187839517,0.0,0.10706795624513564
143,-0.5600000000000733,0.1136310860956334,0.0,0.10958613778722029
144,-0.5500000000000735,0.1160981534073151,0.0,0.11209700631178497
145,-0.5400000000000738,0.1185652207189968,0.0,0.11459907373238744
146,-0.530000000000074,0.1210322880306785,0.0,0.11709089885664141
147,-0.5200000000000742,0.1234993553423601,0.0,0.11957109059830924
148,-0.5100000000000744,0.1259664226540419,0.0,0.12203831093959343
149,-0.5000000000000746,0.1284334899657235,0.0,0.12449127763081545
150,-0.4900000000000748,0.1309005572774052,0.0,0.12692876661684924
151,-0.480000000000075,0.133367624589087,0.0,0.12934961418190924
152,-0.4700000000000752,0.1358346919007687,0.0,0.13175271880656775
153,-0.4600000000000754,0.1383017592124503,0.0,0.13413704273314034
154,-0.4500000000000757,0.140768826524132,0.0,0.13650161323783858
155,-0.4400000000000759,0.1432358938358137,0.0,0.13884552361028432
156,-0.4300000000000761,0.1457029611474954,0.0,0.14116793384311271
157,-0.4200000000000763,0.1481700284591771,0.0,0.14346807103641757
158,-0.4100000000000765,0.1506370957708587,0.0,0.14574522952371677
159,-0.4000000000000767,0.1531041630825404,0.0,0.14799877072788617
160,-0.3900000000000769,0.1548397453362045,0.0,0.1502281227571489
161,-0.3800000000000771,0.1565298125291118,0.0,0.1524327797526698
162,-0.3700000000000774,0.1582198797220194,0.0,0.15461230100060366
163,-0.3600000000000776,0.1599099469149269,0.0,0.1567663098225662
164,-0.3500000000000778,0.1616000141078345,0.0,0.15889449225942542
165,-0.340000000000078,0.1632900813007419,0.0,0.1609965955640744
166,-0.3300000000000782,0.1649801484936494,0.0,0.16307242651940762
167,-0.3200000000000784,0.1666702156865569,0.0,0.1651218495981313
168,-0.3100000000000786,0.1681371511645866,0.0,0.16714478498124763
169,-0.3000000000000788,0.1694456940655934,0.0,0.16914120645213285
170,-0.2900000000000791,0.1707542369666003,0.0,0.17111113918301998
171,-0.2800000000000793,0.1720627798676073,0.0,0.1730546574304897
172,-0.2700000000000795,0.1733713227686142,0.0,0.1749718821561875
173,-0.2600000000000797,0.174679865669621,0.0,0.17686297858853542
174,-0.2500000000000799,0.1759884085706279,0.0,0.1787281537406139
175,-0.2400000000000801,0.1772969514716348,0.0,0.18056765389873217
176,-0.2300000000000803,0.1786054943726416,0.0,0.18238176209546525
177,-0.2200000000000805,0.1799140372736485,0.0,0.18417079558014196
178,-0.2100000000000808,0.1812225801746553,0.0,0.18593510329891483
179,-0.200000000000081,0.1825311230756623,0.0,0.18767506339566956
180,-0.1900000000000812,0.1838396659766691,0.0,0.18939108074413177
181,-0.1800000000000814,0.185148208877676,0.0,0.1910835845206045
182,-0.1700000000000816,0.1864567517786829,0.0,0.19275302582586948
183,-0.1600000000000818,0.1877652946796898,0.0,0.19439987536386807
184,-0.150000000000082,0.1890738375806967,0.0,0.1960246211838939
185,-0.1400000000000822,0.1903823804817036,0.0,0.1976277664921574
186,-0.1300000000000825,0.1916909233827104,0.0,0.19920982753775346
187,-0.1200000000000827,0.1929994662837173,0.0,0.20077133157725086
188,-0.1100000000000829,0.1943080091847241,0.0,0.2023128149213668
189,-0.1000000000000831,0.1956165520857309,0.0,0.20383482106646614
190,-0.0900000000000833,0.1969250949867378,0.0,0.20533789891294857
191,-0.0800000000000835,0.1982336378877448,0.0,0.20682260107195205
192,-0.0700000000000837,0.1995421807887516,0.0,0.20828948226122776
193,-0.0600000000000839,0.2008507236897585,0.0,0.20973909779049874
194,-0.0500000000000842,0.2021592665907654,0.0,0.2111720021361259
195,-0.0400000000000844,0.2034678094917723,0.0,0.21258874760446772
196,-0.0300000000000846,0.2047763523927792,0.0,0.2139898830829218
197,-0.0200000000000848,0.206084895293786,0.0,0.21537595287728228
198,-0.010000000000085,0.207393438194793,0.0,0.2167474956337389
199,-8.526512829121202e-14,0.2087019810957998,0.0,0.21810504334357161
200,0.0099999999999145,0.2100105239968067,0.0,0.21944912042836512
201,0.0199999999999143,0.2113190668978135,0.0,0.22078024290336332
202,0.029999999999914,0.2126276097988204,0.0,0.22209891761643089
203,0.0399999999999138,0.2139361526998272,0.0,0.22340564155994838
204,0.0499999999999136,0.2152446956008341,0.0,0.2247009012528594
205,0.0599999999999134,0.2165532385018411,0.0,0.22598517219002362
206,0.0699999999999132,0.2178617814028479,0.0,0.22725891835595943
207,0.079999999999913,0.2191703243038548,0.0,0.228522591800032
208,0.0899999999999128,0.2204788672048616,0.0,0.22977663227013315
209,0.0999999999999126,0.2217874101058686,0.0,0.23102146690189468
210,0.1099999999999123,0.2230959530068754,0.0,0.23225750996049638
211,0.1199999999999121,0.2244044959078823,0.0,0.23348516263216684
212,0.1299999999999119,0.2257130388088891,0.0,0.23470481286251066
213,0.1399999999999117,0.2270215817098961,0.0,0.23591683523885495
214,0.1499999999999115,0.228330124610903,0.0,0.2371215909138637
215,0.1599999999999113,0.2296386675119097,0.0,0.23831942756774763
216,0.1699999999999111,0.2309472104129168,0.0,0.23951067940645787
217,0.1799999999999109,0.2322557533139235,0.0,0.24069566719334862
218,0.1899999999999106,0.2335642962149305,0.0,0.24187469831185904
219,0.1999999999999104,0.2348728391159373,0.0,0.24304806685687244
220,0.2099999999999102,0.2361813820169442,0.0,0.24421605375248234
221,0.21999999999991,0.237489924917951,0.0,0.2453789268939922
222,0.2299999999999098,0.238798467818958,0.0,0.2465369413120711
223,0.2399999999999096,0.2401070107199648,0.0,0.2476903393570738
224,0.2499999999999094,0.2414155536209716,0.0,0.24883935090162068
225,0.2599999999999092,0.2427240965219785,0.0,0.2499841935596393
226,0.269999999999909,0.2440326394229853,0.0,0.2511250729201391
227,0.2799999999999087,0.2453411823239924,0.0,0.2522621827940926
228,0.2899999999999085,0.2466497252249993,0.0,0.25339570547287826
229,0.2999999999999083,0.2479582681260061,0.0,0.2545258119968224
230,0.3099999999999081,0.2492668110270129,0.0,0.2556526624324654
231,0.3199999999999079,0.2505753539280198,0.0,0.2567764061572476
232,0.3299999999999077,0.2518838968290268,0.0,0.2578971821504056
233,0.3399999999999075,0.2531924397300336,0.0,0.25901511928891835
234,0.3499999999999073,0.2545551319751143,0.0,0.26013033664744384
235,0.359999999999907,0.2559342291246035,0.0,0.2612429438012358
236,0.3699999999999068,0.2573133262740932,0.0,0.2623530411311068
237,0.3799999999999066,0.2586924234235828,0.0,0.2634607201295672
238,0.3899999999999064,0.2600715205730723,0.0,0.26456606370732916
239,0.3999999999999062,0.2614506177225617,0.0,0.26566914649943096
240,0.409999999999906,0.2628297148720516,0.0,0.2667700351702836
241,0.4199999999999058,0.264208812021541,0.0,0.26786878871700354
242,0.4299999999999055,0.2655879091710305,0.0,0.2689654587704471
243,0.4399999999999053,0.26696700632052,0.0,0.27006008989340485
244,0.4499999999999051,0.2683461034700095,0.0,0.27115271987547207
245,0.4599999999999049,0.2697252006194992,0.0,0.2722433800241407
246,0.4699999999999047,0.2711042977689887,0.0,0.2733320954517175
247,0.4799999999999045,0.2724833949184782,0.0,0.2744188853576993
248,0.4899999999999043,0.2738624920679678,0.0,0.2755037633062831
249,0.4999999999999041,0.2752415892174574,0.0,0.2765867374987162
250,0.5099999999999039,0.276620686366947,0.0,0.27766781104023536
251,0.5199999999999037,0.2779997835164364,0.0,0.2787469822013665
252,0.5299999999999034,0.2793788806659258,0.0,0.27982424467339156
253,0.5399999999999032,0.2807579778154155,0.0,0.28089958781781493
254,0.549999999999903,0.2821370749649051,0.0,0.28197299690969
255,0.5599999999999028,0.2835161721143945,0.0,0.2830444533746893
256,0.5699999999999026,0.284895269263884,0.0,0.28411393501982524
257,0.5799999999999024,0.2864078229614723,0.0,0.28518141625775
258,0.5899999999999022,0.288189868809815,0.0,0.2862468683245841
259,0.599999999999902,0.2899719146581579,0.0,0.2873102594912414
260,0.6099999999999017,0.2917539605065011,0.0,0.2883715552682313
261,0.6199999999999015,0.2935360063548439,0.0,0.28943071860394426
262,0.6299999999999013,0.2953180522031867,0.0,0.2904877100764318
263,0.6399999999999011,0.2971000980515296,0.0,0.29154248807871175
264,0.6499999999999009,0.2988821438998726,0.0,0.29259500899764
265,0.6599999999999007,0.3006641897482156,0.0,0.29364522738640025
266,0.6699999999999005,0.3024462355965583,0.0,0.29469309613067834
267,0.6799999999999002,0.3042282814449014,0.0,0.2957385666085907
268,0.6899999999999,0.3060103272932443,0.0,0.29678158884445
269,0.6999999999998998,0.3077923731415871,0.0,0.2978221116564577
270,0.7099999999998996,0.30957441898993,0.0,0.29886008279841914
271,0.7199999999998994,0.311356464838273,0.0,0.2998954490955845
272,0.7299999999998992,0.3131385106866158,0.0,0.30092815657472205
273,0.739999999999899,0.3149205565349587,0.0,0.3019581505885388
274,0.7499999999998987,0.3167026023833017,0.0,0.3029853759345656
275,0.7599999999998985,0.3184846482316446,0.0,0.30400977696862475
276,0.7699999999998983,0.3202666940799877,0.0,0.30503129771300846
277,0.7799999999998981,0.3220487399283305,0.0,0.30604988195949195
278,0.7899999999998979,0.3238307857766734,0.0,0.3070654733673088
279,0.7999999999998977,0.3256128316250162,0.0,0.30807801555622355
280,0.8099999999998975,0.3273948774733592,0.0,0.3090874521948271
281,0.8199999999998973,0.329176923321702,0.0,0.3100937270841926
282,0.829999999999897,0.3309589691700449,0.0,0.31109678423702264
283,0.8399999999998968,0.3327410150183879,0.0,0.31209656795241775
284,0.8499999999998966,0.3345230608667308,0.0,0.31309302288640667
285,0.8599999999998964,0.3363051067150736,0.0,0.3140860941183621
286,0.8699999999998962,0.3380871525634165,0.0,0.31507572721344074
287,0.879999999999896,0.3398691984117595,0.0,0.31606186828117405
288,0.8899999999998958,0.3416512442601025,0.0,0.3170444640303411
289,0.8999999999998956,0.3434332901084452,0.0,0.31802346182025254
290,0.9099999999998952,0.3452153359567882,0.0,0.31899880970856914
291,0.9199999999998952,0.3469973818051312,0.0,0.31997045649578615
292,0.9299999999998948,0.3487794276534742,0.0,0.3209383517664979
293,0.9399999999998948,0.3505614735018169,0.0,0.32190244592757317
294,0.9499999999998944,0.35234351935016,0.0,0.3228626902433515
295,0.9599999999998944,0.3541255651985028,0.0,0.32381903686798597
296,0.969999999999894,0.3559076110468459,0.0,0.3247714388750378
297,0.9799999999998938,0.3576896568951886,0.0,0.32571985028444567
298,0.9899999999998936,0.3594717027435315,0.0,0.3266642260869666
299,0.9999999999998934,0.3612537485918746,0.0,0.3276045222662079
300,1.0099999999998932,0.3630357944402173,0.0,0.3285406958183479
301,1.019999999999893,0.3648178402885603,0.0,0.3294727047696463
302,1.0299999999998928,0.3665998861369032,0.0,0.33040050819185146
303,1.0399999999998926,0.3683819319852461,0.0,0.3313240662155908
304,1.0499999999998924,0.3703918169532348,0.0,0.33224334004184797
305,1.059999999999892,0.3724177879016064,0.0,0.3331582919516122
306,1.069999999999892,0.3744437588499776,0.0,0.33406888531379153
307,1.0799999999998915,0.3764697297983491,0.0,0.3349750845914734
308,1.0899999999998915,0.3784957007467204,0.0,0.33587685534662126
309,1.0999999999998913,0.3805216716950918,0.0,0.3367741642432824
310,1.109999999999891,0.3825476426434634,0.0,0.33766697904938797
311,1.1199999999998909,0.3845736135918348,0.0,0.33855526863722146
312,1.1299999999998906,0.3865995845402061,0.0,0.3394390029826285
313,1.1399999999998904,0.3886255554885774,0.0,0.34031815316303704
314,1.1499999999998902,0.3906515264369489,0.0,0.34119269135435853
315,1.15999999999989,0.3926774973853205,0.0,0.34206259082683504
316,1.1699999999998898,0.3947034683336918,0.0,0.3429278259398936
317,1.1799999999998896,0.3967294392820633,0.0,0.34378837213607427
318,1.1899999999998894,0.3987554102304346,0.0,0.3446442059340828
319,1.1999999999998892,0.400781381178806,0.0,0.34549530492103264
320,1.209999999999889,0.4028073521271775,0.0,0.3463416477439244
321,1.2199999999998887,0.4048333230755489,0.0,0.34718321410041714
322,1.2299999999998883,0.4068592940239203,0.0,0.3480199847289432
323,1.2399999999998883,0.4088852649722919,0.0,0.34885194139821135
324,1.249999999999888,0.4109112359206631,0.0,0.3496790668961458
325,1.259999999999888,0.4129372068690347,0.0,0.3505013450183059
326,1.2699999999998877,0.414963177817406,0.0,0.35131876055582545
327,1.2799999999998877,0.4173208882198153,0.0,0.3521312992829183
328,1.2899999999998872,0.419914644107523,0.0,0.3529389479439795
329,1.299999999999887,0.4225083999952304,0.0,0.3537416942403268
330,1.3099999999998868,0.425102155882938,0.0,0.3545395268166137
331,1.3199999999998866,0.4276959117706455,0.0,0.35533243524694713
332,1.3299999999998864,0.4302896676583529,0.0,0.35612041002074396
333,1.3399999999998862,0.4328834235460607,0.0,0.35690344252835376
334,1.349999999999886,0.4354771794337683,0.0,0.3576815250464779
335,1.3599999999998855,0.4380709353214758,0.0,0.35845465072341376
336,1.3699999999998855,0.4406646912091833,0.0,0.35922281356414687
337,1.379999999999885,0.4432584470968909,0.0,0.3599860084153164
338,1.389999999999885,0.4458522029845985,0.0,0.36074423095008074
339,1.399999999999885,0.448445958872306,0.0,0.361497477652901
340,1.409999999999885,0.4510397147600134,0.0,0.3622457458042628
341,1.4199999999998845,0.4530937271236527,0.0,0.36298903346536104
342,1.4299999999998845,0.4551465922622591,0.0,0.36372733946276264
343,1.439999999999884,0.4571994574008652,0.0,0.36446066337306143
344,1.4499999999998838,0.4592523225394716,0.0,0.36518900550755146
345,1.4599999999998836,0.4613051876780778,0.0,0.365912366896923
346,1.4699999999998834,0.4633580528166839,0.0,0.36663074927600364
347,1.4799999999998832,0.4654109179552901,0.0,0.36734415506855367
348,1.489999999999883,0.4674637830938963,0.0,0.3680525873721333
349,1.4999999999998828,0.4695166482325025,0.0,0.3687560499430458
350,1.5099999999998823,0.4715695133711087,0.0,0.3694545471813761
351,1.5199999999998823,0.4736223785097148,0.0,0.37014808411612954
352,1.529999999999882,0.4756752436483208,0.0,0.3708366663904842
353,1.539999999999882,0.4777281087869272,0.0,0.3715203002471606
354,1.5499999999998817,0.4797809739255335,0.0,0.37219899251392535
355,1.5599999999998817,0.4818338390641396,0.0,0.37287275058922387
356,1.5699999999998813,0.4837857573348596,0.0,0.3735415824279645
357,1.579999999999881,0.4856741915584791,0.0,0.3742054965274467
358,1.5899999999998808,0.4875626257820988,0.0,0.37486450191344795
359,1.5999999999998806,0.4897239580539068,0.0,0.37551860812647025
360,1.6099999999998804,0.4918953454664431,0.0,0.3761678252081536
361,1.6199999999998802,0.4940667328789793,0.0,0.3768121636878594
362,1.62999999999988,0.4962381202915154,0.0,0.3774516345694271
363,1.6399999999998798,0.4984095077040517,0.0,0.37808624931811086
364,1.6499999999998796,0.500580895116588,0.0,0.3787160198476949
365,1.6599999999998791,0.5027522825291244,0.0,0.3793409585077928
366,1.6699999999998791,0.5049236699416605,0.0,0.3799610780713339
367,1.679999999999879,0.5070950573541966,0.0,0.38057639172223695
368,1.6899999999998787,0.5092664447667332,0.0,0.3811869130432716
369,1.6999999999998785,0.5114378321792694,0.0,0.38179265600411405
370,1.7099999999998785,0.5136092195918056,0.0,0.38239363494959216
371,1.719999999999878,0.515780607004342,0.0,0.3829898645881247
372,1.729999999999878,0.5179519944168782,0.0,0.3835813599803528
373,1.7399999999998776,0.5201233818294145,0.0,0.3841681365279672
374,1.7499999999998774,0.5222947692419506,0.0,0.384750209962727
375,1.7599999999998772,0.5244661566544868,0.0,0.38532759633567304
376,1.769999999999877,0.5266375440670232,0.0,0.3859003120065355
377,1.7799999999998768,0.5288089314795594,0.0,0.38646837363333264
378,1.7899999999998766,0.5309803188920953,0.0,0.38703179816216265
379,1.7999999999998764,0.5331517063046317,0.0,0.38759060281718805
380,1.809999999999876,0.5353230937171684,0.0,0.3881448050908067
381,1.819999999999876,0.5374944811297044,0.0,0.38869442273401605
382,1.829999999999876,0.5396658685422407,0.0,0.3892394737469639
383,1.8399999999998755,0.5418372559547769,0.0,0.38977997636968437
384,1.8499999999998755,0.544008643367313,0.0,0.3903159490730197
385,1.859999999999875,0.5461800307798496,0.0,0.39084741054972766
386,1.8699999999998749,0.5483514181923855,0.0,0.3913743797057662
387,1.8799999999998749,0.550522805604922,0.0,0.39189687565176207
388,1.8899999999998744,0.5526941930174583,0.0,0.39241491769465664
389,1.8999999999998745,0.5548655804299945,0.0,0.3929285253295257
390,1.909999999999874,0.5570369678425308,0.0,0.3934377182315752
391,1.9199999999998736,0.5592083552550671,0.0,0.3939425162483101
392,1.9299999999998736,0.5613797426676034,0.0,0.3944429393918709
393,1.9399999999998732,0.5635511300801395,0.0,0.3949390078315392
394,1.9499999999998727,0.5657225174926758,0.0,0.395430741886409
395,1.959999999999873,0.567893904905212,0.0,0.39591816201822067
396,1.9699999999998727,0.5700652923177485,0.0,0.3964012888243566
397,1.9799999999998723,0.5722366797302849,0.0,0.3968801430309958
398,1.9899999999998723,0.5744080671428207,0.0,0.39735474548642497
399,1.999999999999872,0.5765794545553572,0.0,0.39782511715450236
400,-1.9900000000000428,0.9721310348725508,1.0,0.9378490748041822
401,-1.980000000000043,0.9713801159878708,1.0,0.9376011522894867
402,-1.9700000000000435,0.9706291971031916,1.0,0.937356417484885
403,-1.9600000000000437,0.9698782782185116,1.0,0.9371149678624653
404,-1.950000000000044,0.9691273593338328,1.0,0.9368769030303983
405,-1.940000000000044,0.9683764404491532,1.0,0.936642324779651
406,-1.930000000000044,0.967625521564474,1.0,0.936411337131589
407,-1.9200000000000443,0.9668746026797944,1.0,0.9361840463864677
408,-1.9100000000000448,0.9661236837951144,1.0,0.935960561172807
409,-1.9000000000000448,0.9653727649104348,1.0,0.9357409924976331
410,-1.890000000000045,0.9646218460257552,1.0,0.9355254537975786
411,-1.8800000000000447,0.963870927141076,1.0,0.9353140609908241
412,-1.8700000000000452,0.9631200082563964,1.0,0.9351069325298665
413,-1.8600000000000456,0.9623690893717176,1.0,0.9349041894550798
414,-1.8500000000000456,0.9616181704870372,1.0,0.9347059554490507
415,-1.840000000000046,0.9608672516023576,1.0,0.9345123568916534
416,-1.8300000000000465,0.960116332717678,1.0,0.9343235229158229
417,-1.8200000000000465,0.9593654138329984,1.0,0.9341395854639912
418,-1.810000000000047,0.9586144949483192,1.0,0.9339606793451302
419,-1.800000000000047,0.9578635760636396,1.0,0.9337869422923527
420,-1.790000000000047,0.95711265717896,1.0,0.933618515021006
421,-1.780000000000047,0.956361738294281,1.0,0.9334555412871907
422,-1.7700000000000475,0.9556108194096016,1.0,0.933298167946626
423,-1.7600000000000475,0.954859900524922,1.0,0.9331465450137801
424,-1.750000000000048,0.9541089816402424,1.0,0.9330008257211669
425,-1.7400000000000482,0.9533580627555628,1.0,0.9328611665787035
426,-1.7300000000000484,0.9526071438708836,1.0,0.9327277274330201
427,-1.7200000000000486,0.9518562249862036,1.0,0.9326006715265875
428,-1.7100000000000488,0.9511053061015236,1.0,0.93248016555653
429,-1.700000000000049,0.9503543872168448,1.0,0.9323663797329668
430,-1.6900000000000492,0.949603468332165,1.0,0.932259487836722
431,-1.6800000000000497,0.9488525494474858,1.0,0.9321596672762154
432,-1.6700000000000497,0.9481016305628056,1.0,0.9320670991433468
433,-1.66000000000005,0.9473507116781268,1.0,0.9319819682681522
434,-1.65000000000005,0.9465997927934464,1.0,0.9319044632720034
435,-1.6400000000000503,0.945848873908768,1.0,0.9318347766191033
436,-1.6300000000000503,0.945097955024088,1.0,0.9317731046660028
437,-1.6200000000000507,0.9446913793128152,1.0,0.9317196477088482
438,-1.610000000000051,0.9438900264143256,1.0,0.9316746100280392
439,-1.6000000000000512,0.9428693946020552,1.0,0.9316381999299687
440,-1.5900000000000514,0.9418487627897836,1.0,0.9316106297854647
441,-1.5800000000000516,0.9408281309775128,1.0,0.9315921160645515
442,-1.5700000000000518,0.9398074991652416,1.0,0.9315828793671057
443,-1.560000000000052,0.9387868673529708,1.0,0.9315831444489535
444,-1.5500000000000522,0.9377662355407,1.0,0.9315931402429278
445,-1.5400000000000524,0.9367456037284289,1.0,0.9316130998743668
446,-1.5300000000000529,0.935724971916158,1.0,0.9316432606705012
447,-1.5200000000000529,0.9347043401038868,1.0,0.931683864163142
448,-1.510000000000053,0.9336837082916158,1.0,0.9317351560840369
449,-1.5000000000000533,0.9326630764793444,1.0,0.9317973863522341
450,-1.4900000000000535,0.9316424446670744,1.0,0.9318708090527326
451,-1.4800000000000535,0.9306218128548032,1.0,0.9319556824056745
452,-1.470000000000054,0.9296011810425324,1.0,0.9320522687252714
453,-1.460000000000054,0.9285805492302612,1.0,0.9321608343676223
454,-1.4500000000000544,0.9275599174179904,1.0,0.9322816496665234
455,-1.4400000000000546,0.9265392856057196,1.0,0.9324149888563257
456,-1.4300000000000548,0.9255186537934488,1.0,0.9325611299808385
457,-1.420000000000055,0.9244980219811778,1.0,0.932720354787232
458,-1.4100000000000552,0.9234773901689074,1.0,0.9328929486038262
459,-1.4000000000000554,0.9224567583566364,1.0,0.9330792002006102
460,-1.3900000000000556,0.9214361265443654,1.0,0.9332794016312713
461,-1.3800000000000558,0.920415494732094,1.0,0.9334938480554587
462,-1.370000000000056,0.9193948629198232,1.0,0.9337228375399539
463,-1.3600000000000565,0.9183742311075525,1.0,0.9339666708373537
464,-1.3500000000000565,0.9173535992952814,1.0,0.9342256511408282
465,-1.3400000000000567,0.9163329674830104,1.0,0.934500083813444
466,-1.330000000000057,0.9153123356707394,1.0,0.934790276090507
467,-1.3200000000000571,0.9142917038584688,1.0,0.9350965367533126
468,-1.3100000000000571,0.9132710720461972,1.0,0.9354191757726471
469,-1.3000000000000576,0.9122504402339272,1.0,0.9357585039203346
470,-1.2900000000000578,0.9112298084216562,1.0,0.936114832347091
471,-1.280000000000058,0.910209176609385,1.0,0.9364884721248881
472,-1.2700000000000582,0.9091885447971144,1.0,0.9368797337520225
473,-1.2600000000000584,0.9081679129848428,1.0,0.9372889266190427
474,-1.2500000000000586,0.9071472811725724,1.0,0.9377163584336711
475,-1.2400000000000588,0.9061266493603014,1.0,0.9381623346028565
476,-1.230000000000059,0.90510601754803,1.0,0.9386271575700876
477,-1.2200000000000593,0.9040853857357596,1.0,0.9391111261061098
478,-1.2100000000000597,0.903064753923489,1.0,0.9396145345512195
479,-1.2000000000000597,0.90512095264676,1.0,0.940137672007339
480,-1.19000000000006,0.9094178144827456,1.0,0.9406808214781494
481,-1.18000000000006,0.9137146763187306,1.0,0.9412442589556084
482,-1.1700000000000603,0.9180115381547164,1.0,0.9418282524512998
483,-1.1600000000000603,0.922308399990702,1.0,0.9424330609711534
484,-1.1500000000000608,0.9266052618266872,1.0,0.9430589334322277
485,-1.140000000000061,0.9309021236626724,1.0,0.9437061075204045
486,-1.1300000000000612,0.9351989854986578,1.0,0.9443748084880413
487,-1.1200000000000614,0.9394958473346432,1.0,0.9450652478908368
488,-1.1100000000000616,0.9437927091706284,1.0,0.9457776222634285
489,-1.1000000000000618,0.948089571006614,1.0,0.9465121117335232
490,-1.090000000000062,0.9523864328425996,1.0,0.9472688785746716
491,-1.0800000000000622,0.9540941505308604,1.0,0.9480480656981748
492,-1.0700000000000625,0.9556524261887654,1.0,0.9488497950849826
493,-1.060000000000063,0.95721070184667,1.0,0.9496741661589018
494,-1.0500000000000629,0.9587689775045748,1.0,0.9505212541028891
495,-1.040000000000063,0.9603272531624796,1.0,0.9513911081207451
496,-1.0300000000000633,0.9618855288203846,1.0,0.9522837496470594
497,-1.0200000000000635,0.963443804478289,1.0,0.953199170508891
498,-1.0100000000000635,0.9650020801361942,1.0,0.9541373310432957
499,-1.000000000000064,0.966560355794099,1.0,0.955098158175507
500,-0.9900000000000642,0.9681186314520036,1.0,0.9560815434633113
501,-0.9800000000000644,0.9696769071099086,1.0,0.9570873411139191
502,-0.9700000000000646,0.9712351827678134,1.0,0.9581153659804442
503,-0.9600000000000648,0.972793458425718,1.0,0.9591653915459277
504,-0.950000000000065,0.974351734083623,1.0,0.960237147903724
505,-0.9400000000000652,0.975607065192645,1.0,0.961330319743925
506,-0.9300000000000654,0.9754905584600496,1.0,0.962444544356421
507,-0.9200000000000657,0.9753740517274544,1.0,0.9635794096620873
508,-0.910000000000066,0.9752575449948592,1.0,0.9647344522844998
509,-0.9000000000000661,0.9751410382622638,1.0,0.9659091556754719
510,-0.8900000000000663,0.9750245315296686,1.0,0.9671029483085772
511,-0.8800000000000665,0.9749080247970736,1.0,0.9683152019556672
512,-0.8700000000000667,0.9747915180644784,1.0,0.9695452300621731
513,-0.8600000000000669,0.9746750113318832,1.0,0.9707922862377275
514,-0.8500000000000671,0.9745585045992878,1.0,0.9720555628792729
515,-0.8400000000000674,0.9744419978666926,1.0,0.9733341899444151
516,-0.8300000000000676,0.9743254911340974,1.0,0.9746272338932075
517,-0.8200000000000678,0.9742089844015024,1.0,0.9759336968169013
518,-0.810000000000068,0.9740924776689072,1.0,0.9772525157723706
519,-0.8000000000000682,0.9739759709363122,1.0,0.9785825623409674
520,-0.7900000000000684,0.9738594642037164,1.0,0.9799226424303918
521,-0.7800000000000686,0.9737429574711216,1.0,0.9812714963378538
522,-0.7700000000000689,0.9736264507385264,1.0,0.9826277990922322
523,-0.7600000000000691,0.9735099440059312,1.0,0.9839901610921976
524,-0.7500000000000693,0.9734792799423329,1.0,0.9853571290562567
525,-0.7400000000000695,0.9736220446676696,1.0,0.9867271872994446
526,-0.7300000000000697,0.9737648093930068,1.0,0.9880987593499218
527,-0.7200000000000699,0.9739075741183434,1.0,0.9894702099169821
528,-0.7100000000000701,0.9740503388436804,1.0,0.9908398472200104
529,-0.7000000000000703,0.9741931035690174,1.0,0.9922059256856914
530,-0.6900000000000706,0.9743358682943544,1.0,0.9935666490183024
531,-0.6800000000000708,0.9744786330196912,1.0,0.994920173645223
532,-0.670000000000071,0.974621397745028,1.0,0.9962646125368918
533,-0.6600000000000712,0.9747641624703652,1.0,0.9975980393973284
534,-0.6500000000000714,0.974906927195702,1.0,0.9989184932180931
535,-0.6400000000000716,0.975049691921039,1.0,1.0002239831851485
536,-0.6300000000000718,0.9751924566463758,1.0,1.0015124939245932
537,-0.620000000000072,0.9753352213717128,1.0,1.0027819910696958
538,-0.6100000000000723,0.9754779860970496,1.0,1.0040304271280764
539,-0.6000000000000725,0.9756207508223866,1.0,1.005255747624352
540,-0.5900000000000727,0.9757635155477232,1.0,1.0064558974901037
541,-0.5800000000000729,0.9759062802730604,1.0,1.0076288276696876
542,-0.5700000000000731,0.976049044998397,1.0,1.008772501907273
543,-0.5600000000000733,0.9761918097237338,1.0,1.009884903677566
544,-0.5500000000000735,0.976334574449071,1.0,1.0109640432200457
545,-0.5400000000000738,0.9790769753082816,1.0,1.0120079646342506
546,-0.530000000000074,0.9806906124175114,1.0,1.0130147529916986
547,-0.5200000000000742,0.9820341076803604,1.0,1.0139825414185464
548,-0.5100000000000744,0.9833776029432092,1.0,1.0149095181020122
549,-0.5000000000000746,0.984721098206058,1.0,1.015793933173032
550,-0.4900000000000748,0.9860645934689072,1.0,1.0166341054175332
551,-0.480000000000075,0.987408088731756,1.0,1.0174284287691804
552,-0.4700000000000752,0.9887515839946048,1.0,1.018175378537409
553,-0.4600000000000754,0.9900950792574538,1.0,1.018873517326092
554,-0.4500000000000757,0.9914385745203028,1.0,1.019521500600188
555,-0.4400000000000759,0.9927820697831516,1.0,1.020118081860252
556,-0.4300000000000761,0.9941255650460008,1.0,1.0206621173876766
557,-0.4200000000000763,0.9954690603088496,1.0,1.0211525705269608
558,-0.4100000000000765,0.9979567516656712,1.0,1.0215885154751145
559,-0.4000000000000767,0.9988506669145544,1.0,1.0219691405524673
560,-0.3900000000000769,0.9988824594795032,1.0,1.0222937509335968
561,-0.3800000000000771,0.998914252044452,1.0,1.0225617708217614
562,-0.3700000000000774,0.9989460446094008,1.0,1.022772745055042
563,-0.3600000000000776,0.9989778371743498,1.0,1.0229263401373396
564,-0.3500000000000778,0.9990096297392986,1.0,1.0230223446923188
565,-0.340000000000078,0.9990414223042476,1.0,1.0230606693432986
566,-0.3300000000000782,0.9990732148691964,1.0,1.0230413460269128
567,-0.3200000000000784,0.9991050074341452,1.0,1.022964526752992
568,-0.3100000000000786,0.9991367999990944,1.0,1.0228304818275513
569,-0.3000000000000788,0.9991657561860864,1.0,1.0226395975598865
570,-0.2900000000000791,0.99919254570545,1.0,1.0223923734786124
571,-0.2800000000000793,0.9992144936277936,1.0,1.0220894190849144
572,-0.2700000000000795,0.9992009718357252,1.0,1.0217314501743218
573,-0.2600000000000797,0.9991878254949162,1.0,1.0213192847609407
574,-0.2500000000000799,0.9991746791541072,1.0,1.0208538386402495
575,-0.2400000000000801,0.999161532813298,1.0,1.0203361206282737
576,-0.2300000000000803,0.9991483864724892,1.0,1.0197672275162233
577,-0.2200000000000805,0.99913524013168,1.0,1.0191483387804734
578,-0.2100000000000808,0.999122093790871,1.0,1.0184807110881293
579,-0.200000000000081,0.999108947450062,1.0,1.0177656726383586
580,-0.1900000000000812,0.9990958011092528,1.0,1.0170046173792016
581,-0.1800000000000814,0.9990826547684436,1.0,1.0161989991387297
582,-0.1700000000000816,0.9990695084276346,1.0,1.015350325708243
583,-0.1600000000000818,0.9990563620868256,1.0,1.0144601529137043
584,-0.150000000000082,0.9990432157460164,1.0,1.0135300787098418
585,-0.1400000000000822,0.9990300694052074,1.0,1.0125617373293714
586,-0.1300000000000825,0.9990169230643984,1.0,1.0115567935175902
587,-0.1200000000000827,0.9990037767235894,1.0,1.010516936880273
588,-0.1100000000000829,0.9989906303827804,1.0,1.0094438763703337
589,-0.1000000000000831,0.9989774840419712,1.0,1.0083393349362082
590,-0.0900000000000833,0.9989643377011622,1.0,1.0072050443523273
591,-0.0800000000000835,0.9989511913603532,1.0,1.0060427402494803
592,-0.0700000000000837,0.998938045019544,1.0,1.0048541573603231
593,-0.0600000000000839,0.9989248986787352,1.0,1.0036410249927634
594,-0.0500000000000842,0.998911752337926,1.0,1.0024050627415393
595,-0.0400000000000844,0.998898605997117,1.0,1.0011479764459623
596,-0.0300000000000846,0.998885459656308,1.0,0.999871454399584
597,-0.0200000000000848,0.9988723133154987,1.0,0.9985771638154327
598,-0.010000000000085,0.9988591669746896,1.0,0.9972667475485278
599,-8.526512829121202e-14,0.9988460206338806,1.0,0.9959418210755576
600,0.0099999999999145,0.9988328742930715,1.0,0.9946039697299544
601,0.0199999999999143,0.99804211193139,1.0,0.9932547461890934
602,0.029999999999914,0.996727477850484,1.0,0.9918956682090139
603,0.0399999999999138,0.995412843769578,1.0,0.9905282166008487
604,0.0499999999999136,0.994314965676074,1.0,0.9891538334421291
605,0.0599999999999134,0.9933787310573522,1.0,0.9877739205152374
606,0.0699999999999132,0.99244249643863,1.0,0.9863898379645312
607,0.079999999999913,0.9915062618199088,1.0,0.9850029031630501
608,0.0899999999999128,0.9905700272011873,1.0,0.9836143897792259
609,0.0999999999999126,0.9896337925824654,1.0,0.9822255270336585
610,0.1099999999999123,0.9886975579637436,1.0,0.9808374991357414
611,0.1199999999999121,0.9877613233450222,1.0,0.9794514448897836
612,0.1299999999999119,0.9868250887263004,1.0,0.9780684574601788
613,0.1399999999999117,0.9858888541075788,1.0,0.9766895842852112
614,0.1499999999999115,0.9849526194888572,1.0,0.9753158271291464
615,0.1599999999999113,0.9840163848701358,1.0,0.9739481422624223
616,0.1699999999999111,0.9830801502514144,1.0,0.9725874407599456
617,0.1799999999999109,0.9821439156326928,1.0,0.9712345889077593
618,0.1899999999999106,0.9812076810139708,1.0,0.9698904087086224
619,0.1999999999999104,0.9802714463952492,1.0,0.9685556784773873
620,0.2099999999999102,0.9794011039541354,1.0,0.9672311335173867
621,0.21999999999991,0.9786359621846292,1.0,0.9659174668694301
622,0.2299999999999098,0.9778708204151232,1.0,0.9646153301253868
623,0.2399999999999096,0.9771056786456171,1.0,0.9633253342987261
624,0.2499999999999094,0.9763405368761108,1.0,0.9620480507447993
625,0.2599999999999092,0.9755753951066048,1.0,0.9607840121240382
626,0.269999999999909,0.9748102533370988,1.0,0.9595337134016586
627,0.2799999999999087,0.9740451115675932,1.0,0.9582976128778508
628,0.2899999999999085,0.9732799697980868,1.0,0.9570761332428392
629,0.2999999999999083,0.9725148280285808,1.0,0.9558696626515718
630,0.3099999999999081,0.9717496862590744,1.0,0.9546785558131744
631,0.3199999999999079,0.970984544489568,1.0,0.9535031350906767
632,0.3299999999999077,0.9703680019874652,1.0,0.9523436916068551
633,0.3399999999999075,0.9699155003249362,1.0,0.9512004863523821
634,0.3499999999999073,0.9694629986624066,1.0,0.950073751292793
635,0.359999999999907,0.9690104969998772,1.0,0.9489636904710839
636,0.3699999999999068,0.9685579953373468,1.0,0.9478704811030492
637,0.3799999999999066,0.9681054936748176,1.0,0.9467942746627525
638,0.3899999999999064,0.9676529920122878,1.0,0.9457351979557648
639,0.3999999999999062,0.9672004903497584,1.0,0.9446933541780816
640,0.409999999999906,0.9667479886872284,1.0,0.9436688239588295
641,0.4199999999999058,0.966295487024699,1.0,0.9426616663851205
642,0.4299999999999055,0.9658429853621696,1.0,0.9416719200075935
643,0.4399999999999053,0.9653904836996396,1.0,0.940699603825384
644,0.4499999999999051,0.9654100319053136,1.0,0.9397447182494398
645,0.4599999999999049,0.9671648253291952,1.0,0.9388072460432548
646,0.4699999999999047,0.968510852054802,1.0,0.9378871532402596
647,0.4799999999999045,0.9671022408916892,1.0,0.9369843900372369
648,0.4899999999999043,0.9656936297285772,1.0,0.9360988916632597
649,0.4999999999999041,0.9642850185654648,1.0,0.9352305792237802
650,0.5099999999999039,0.9628764074023524,1.0,0.9343793605195897
651,0.5199999999999037,0.96146779623924,1.0,0.9335451308404848
652,0.5299999999999034,0.9600591850761276,1.0,0.932727773733557
653,0.5399999999999032,0.9586505739130154,1.0,0.9319271617461056
654,0.549999999999903,0.957241962749903,1.0,0.9311431571432579
655,0.5599999999999028,0.9558333515867904,1.0,0.9303756126004308
656,0.5699999999999026,0.954424740423678,1.0,0.9296243718708516
657,0.5799999999999024,0.9530161292605658,1.0,0.928889270428385
658,0.5899999999999022,0.9516075180974536,1.0,0.9281701360859858
659,0.599999999999902,0.9501989069343412,1.0,0.9274667895901156
660,0.6099999999999017,0.948790295771229,1.0,0.9267790451915264
661,0.6199999999999015,0.9473816846081168,1.0,0.9261067111928174
662,0.6299999999999013,0.945973073445004,1.0,0.925449590473229
663,0.6399999999999011,0.9445644622818918,1.0,0.9248074809911357
664,0.6499999999999009,0.9431558511187796,1.0,0.9241801762647437
665,0.6599999999999007,0.9417472399556668,1.0,0.9235674658315001
666,0.6699999999999005,0.9403386287925548,1.0,0.9229691356867398
667,0.6799999999999002,0.9389300176294426,1.0,0.9223849687021122
668,0.6899999999999,0.9375214064663304,1.0,0.9218147450243288
669,0.6999999999998998,0.936112795303218,1.0,0.9212582424547909
670,0.7099999999998996,0.9347041841401056,1.0,0.9207152368106466
671,0.7199999999998994,0.9332955729769932,1.0,0.9201855022678431
672,0.7299999999998992,0.9318869618138808,1.0,0.9196688116867258
673,0.739999999999899,0.9304783506507686,1.0,0.9191649369207473
674,0.7499999999998987,0.9290697394876564,1.0,0.9186736491088392
675,0.7599999999998985,0.9276611283245436,1.0,0.9181947189519925
676,0.7699999999998983,0.9262525171614312,1.0,0.9177279169745967
677,0.7799999999998981,0.9248439059983196,1.0,0.917273013771075
678,0.7899999999998979,0.9234352948352068,1.0,0.9168297802383402
679,0.7999999999998977,0.9220266836720944,1.0,0.9163979877946026
680,0.8099999999998975,0.9206180725089822,1.0,0.915977408585034
681,0.8199999999998973,0.9192094613458696,1.0,0.9155678156748006
682,0.829999999999897,0.9178008501827576,1.0,0.9151689832299502
683,0.8399999999998968,0.9163922390196456,1.0,0.9147806866866445
684,0.8499999999998966,0.9149836278565328,1.0,0.9144027029091989
685,0.8599999999998964,0.913575016693421,1.0,0.9140348103374025
686,0.8699999999998962,0.912166405530308,1.0,0.9136767891235584
687,0.879999999999896,0.910757794367196,1.0,0.9133284212596839
688,0.8899999999998958,0.9093491832040836,1.0,0.9129894906953
689,0.8999999999998956,0.9079405720409712,1.0,0.9126597834462216
690,0.9099999999998952,0.9065319608778588,1.0,0.9123390876947487
691,0.9199999999998952,0.9051233497147464,1.0,0.9120271938816523
692,0.9299999999998948,0.9037147385516344,1.0,0.9117238947903293
693,0.9399999999998948,0.902306127388522,1.0,0.9114289856234968
694,0.9499999999998944,0.9008975162254094,1.0,0.911142264072776
695,0.9599999999998944,0.899488905062297,1.0,0.91086353038151
696,0.969999999999894,0.8949261182062467,1.0,0.9105925874011503
697,0.9799999999998938,0.8878057565663124,1.0,0.9103292406415229
698,0.9899999999998936,0.8806853949263774,1.0,0.9100732983152916
699,0.9999999999998934,0.8735650332864435,1.0,0.9098245713769134
700,1.0099999999998932,0.8664446716465082,1.0,0.9095828735563675
701,1.019999999999893,0.8593243100065742,1.0,0.909348021387943
702,1.0299999999998928,0.8522039483666392,1.0,0.9091198342343407
703,1.0399999999998926,0.8450835867267041,1.0,0.9088981343063557
704,1.0499999999998924,0.8379632250867699,1.0,0.9086827466783746
705,1.059999999999892,0.8308428634468351,1.0,0.9084734992999325
706,1.069999999999892,0.8237225018069004,1.0,0.9082702230035536
707,1.0799999999998915,0.8166021401669659,1.0,0.9080727515090856
708,1.0899999999998915,0.8094817785270315,1.0,0.9078809214247493
709,1.0999999999998913,0.8023614168870961,1.0,0.9076945722450911
710,1.109999999999891,0.7952869922933119,1.0,0.9075135463460344
711,1.1199999999998909,0.7910897163411127,1.0,0.9073376889772147
712,1.1299999999998906,0.7868924403889145,1.0,0.9071668482517674
713,1.1399999999998904,0.7826951644367158,1.0,0.9070008751337416
714,1.1499999999998902,0.7784978884845168,1.0,0.9068396234232964
715,1.15999999999989,0.7743006125323184,1.0,0.9066829497398313
716,1.1699999999998898,0.7701033365801191,1.0,0.9065307135032009
717,1.1799999999998896,0.7659060606279204,1.0,0.9063827769131457
718,1.1899999999998894,0.7617087846757219,1.0,0.9062390049270788
719,1.1999999999998892,0.7575115087235238,1.0,0.9060992652363484
720,1.209999999999889,0.753314232771325,1.0,0.9059634282410988
721,1.2199999999998887,0.749116956819126,1.0,0.9058313670238468
722,1.2299999999998883,0.7449196808669273,1.0,0.9057029573218746
723,1.2399999999998883,0.7407224049147287,1.0,0.9055780774985496
724,1.249999999999888,0.7365251289625298,1.0,0.9054566085136679
725,1.259999999999888,0.7323278530103312,1.0,0.9053384338929072
726,1.2699999999998877,0.7281305770581321,1.0,0.9052234396964902
727,1.2799999999998877,0.723933301105934,1.0,0.9051115144871285
728,1.2899999999998872,0.7197360251537354,1.0,0.9050025492973359
729,1.299999999999887,0.7155387492015365,1.0,0.9048964375961825
730,1.3099999999998868,0.7113414732493372,1.0,0.9047930752555579
731,1.3199999999998866,0.7071441972971387,1.0,0.9046923605160142
732,1.3299999999998864,0.7029469213449403,1.0,0.904594193952253
733,1.3399999999998862,0.6987496453927421,1.0,0.9044984784383083
734,1.349999999999886,0.6945523694405432,1.0,0.9044051191124922
735,1.3599999999998855,0.6900530543295633,1.0,0.9043140233421473
736,1.3699999999998855,0.6848210508647674,1.0,0.9042251006882596
737,1.379999999999885,0.6795890473999716,1.0,0.9041382628699798
738,1.389999999999885,0.6743570439351757,1.0,0.9040534237290921
739,1.399999999999885,0.6691250404703797,1.0,0.9039704991944798
740,1.409999999999885,0.6638930370055847,1.0,0.9038894072466139
741,1.4199999999998845,0.6586610335407883,1.0,0.9038100678821154
742,1.4299999999998845,0.6534290300759926,1.0,0.9037324030784123
743,1.439999999999884,0.6481970266111969,1.0,0.903656336758531
744,1.4499999999998838,0.6429650231464012,1.0,0.9035817947560475
745,1.4599999999998836,0.6377330196816056,1.0,0.9035087047802268
746,1.4699999999998834,0.6351633835192985,1.0,0.9034369963813742
747,1.4799999999998832,0.6326867806879661,1.0,0.9033666009164251
748,1.489999999999883,0.6302101778566328,1.0,0.9032974515147932
749,1.4999999999998828,0.6277335750253006,1.0,0.9032294830444952
750,1.5099999999998823,0.625256972193967,1.0,0.9031626320785741
751,1.5199999999998823,0.6227803693626349,1.0,0.9030968368618355
752,1.529999999999882,0.6203037665313018,1.0,0.9030320372779125
753,1.539999999999882,0.6178271636999692,1.0,0.9029681748166746
754,1.5499999999998817,0.6153505608686366,1.0,0.9029051925419921
755,1.5599999999998817,0.6128739580373036,1.0,0.9028430350598703
756,1.5699999999998813,0.6103973552059712,1.0,0.9027816484869571
757,1.579999999999881,0.607920752374638,1.0,0.9027209804194419
758,1.5899999999998808,0.6054441495433052,1.0,0.902660979902352
759,1.5999999999998806,0.6029675467119725,1.0,0.9026015973992467
760,1.6099999999998804,0.6004909438806393,1.0,0.9025427847623261
761,1.6199999999998802,0.5980143410493065,1.0,0.9024844952029504
762,1.62999999999988,0.5955377382179737,1.0,0.9024266832625861
763,1.6399999999998798,0.593061135386641,1.0,0.9023693047841685
764,1.6499999999998796,0.5905845325553077,1.0,0.9023123168838977
765,1.6599999999998791,0.5881079297239759,1.0,0.9022556779234602
766,1.6699999999998791,0.5856313268926429,1.0,0.902199347482685
767,1.679999999999879,0.5831547240613099,1.0,0.9021432863326335
768,1.6899999999998787,0.5806781212299768,1.0,0.9020874564091199
769,1.6999999999998785,0.5782015183986446,1.0,0.9020318207866693
770,1.7099999999998785,0.5757249155673115,1.0,0.9019763436529098
771,1.719999999999878,0.5732483127359792,1.0,0.9019209902833959
772,1.729999999999878,0.5707717099046455,1.0,0.9018657270168663
773,1.7399999999998776,0.5682951070733124,1.0,0.9018105212309316
774,1.7499999999998774,0.56581850424198,1.0,0.9017553413181923
775,1.7599999999998772,0.563341901410647,1.0,0.9017001566627814
776,1.769999999999877,0.5608652985793143,1.0,0.9016449376173338
777,1.7799999999998768,0.5583886957479816,1.0,0.901589655480375
778,1.7899999999998766,0.5559120929166481,1.0,0.9015342824741304
779,1.7999999999998764,0.5534354900853162,1.0,0.9014787917227475
780,1.809999999999876,0.5509588872539833,1.0,0.901423157230931
781,1.819999999999876,0.5484822844226503,1.0,0.9013673538629843
782,1.829999999999876,0.5460056815913179,1.0,0.9013113573222565
783,1.8399999999998755,0.5435290787599855,1.0,0.9012551441309871
784,1.8499999999998755,0.5410524759286526,1.0,0.9011986916105474
785,1.859999999999875,0.5385758730973192,1.0,0.9011419778620707
786,1.8699999999998749,0.5360992702659864,1.0,0.901084981747471
787,1.8799999999998749,0.5336226674346539,1.0,0.9010276828708398
788,1.8899999999998744,0.5311460646033209,1.0,0.9009700615602245
789,1.8999999999998745,0.528669461771988,1.0,0.9009120988497729
790,1.909999999999874,0.5261928589406552,1.0,0.900853776462247
791,1.9199999999998736,0.523716256109322,1.0,0.9007950767918993
792,1.9299999999998736,0.5212396532779897,1.0,0.9007359828877047
793,1.9399999999998732,0.5187630504466562,1.0,0.9006764784369422
794,1.9499999999998727,0.5162864476153247,1.0,0.9006165477491235
795,1.959999999999873,0.5138026244656883,1.0,0.9005561757402649
796,1.9699999999998727,0.5113097947352329,1.0,0.9004953479174901
797,1.9799999999998723,0.5088169650047777,1.0,0.9004340503639677
798,1.9899999999998723,0.5063241352743224,1.0,0.9003722697241702
799,1.999999999999872,0.5038313055438676,1.0,0.9003099931894545
800,-1.9900000000000428,0.4496696485701916,2.0,0.521846471334853
801,-1.980000000000043,0.4519068110008892,2.0,0.5224734906569303
802,-1.9700000000000435,0.4541439734315863,2.0,0.5231142980945911
803,-1.9600000000000437,0.4563811358622839,2.0,0.5237691075248204
804,-1.950000000000044,0.4586182982929812,2.0,0.5244381360860711
805,-1.940000000000044,0.4608554607236786,2.0,0.525121604223452
806,-1.930000000000044,0.4630926231543761,2.0,0.5258197357338259
807,-1.9200000000000443,0.4653297855850741,2.0,0.5265327578107328
808,-1.9100000000000448,0.4675669480157709,2.0,0.527260901089061
809,-1.9000000000000448,0.4698041104464689,2.0,0.5280043996893833
810,-1.890000000000045,0.472041272877166,2.0,0.5287634912618534
811,-1.8800000000000447,0.4742784353078636,2.0,0.5295384170295658
812,-1.8700000000000452,0.4765155977385609,2.0,0.5303294218312631
813,-1.8600000000000456,0.4787527601692581,2.0,0.5311367541632683
814,-1.8500000000000456,0.480989922599956,2.0,0.531960666220512
815,-1.840000000000046,0.4832270850306535,2.0,0.5328014139365089
816,-1.8300000000000465,0.485464247461351,2.0,0.5336592570221318
817,-1.8200000000000465,0.4877014098920484,2.0,0.53453445900301
818,-1.810000000000047,0.4899385723227463,2.0,0.5354272872553795
819,-1.800000000000047,0.4921757347534434,2.0,0.5363380130401865
820,-1.790000000000047,0.4944128971841405,2.0,0.5372669115352324
821,-1.780000000000047,0.4966500596148382,2.0,0.5382142618651387
822,-1.7700000000000475,0.4988872220455357,2.0,0.5391803471288875
823,-1.7600000000000475,0.5011243844762333,2.0,0.5401654544246753
824,-1.750000000000048,0.5033615469069307,2.0,0.5411698748718015
825,-1.7400000000000482,0.5055987093376278,2.0,0.5421939036292851
826,-1.7300000000000484,0.5078358717683258,2.0,0.5432378399108962
827,-1.7200000000000486,0.5100730341990228,2.0,0.544301986996242
828,-1.7100000000000488,0.5123101966297207,2.0,0.5453866522375432
829,-1.700000000000049,0.5145473590604178,2.0,0.5464921470617055
830,-1.6900000000000492,0.5167845214911152,2.0,0.547618786967247
831,-1.6800000000000497,0.519021683921813,2.0,0.5487668915156355
832,-1.6700000000000497,0.5212588463525104,2.0,0.5499367843165439
833,-1.66000000000005,0.5234960087832078,2.0,0.5511287930064974
834,-1.65000000000005,0.5257331712139052,2.0,0.5523432492203609
835,-1.6400000000000503,0.5279703336446029,2.0,0.5535804885550665
836,-1.6300000000000503,0.5302074960752998,2.0,0.5548408505249464
837,-1.6200000000000507,0.5324446585059978,2.0,0.556124678507996
838,-1.610000000000051,0.5347933229064431,2.0,0.5574323196823425
839,-1.6000000000000512,0.5372125697614204,2.0,0.5587641249521518
840,-1.5900000000000514,0.5396318166163975,2.0,0.560120448862157
841,-1.5800000000000516,0.5420510634713746,2.0,0.5615016494999381
842,-1.5700000000000518,0.5444703103263515,2.0,0.5629080883850298
843,-1.560000000000052,0.5468895571813287,2.0,0.5643401303438741
844,-1.5500000000000522,0.5493088040363058,2.0,0.5657981433695861
845,-1.5400000000000524,0.5517280508912827,2.0,0.5672824984654202
846,-1.5300000000000529,0.5541472977462598,2.0,0.5687935694707771
847,-1.5200000000000529,0.5565665446012372,2.0,0.5703317328685152
848,-1.510000000000053,0.5589857914562145,2.0,0.57189736757226
849,-1.5000000000000533,0.5614050383111913,2.0,0.5734908546923341
850,-1.4900000000000535,0.5638242851661687,2.0,0.575112577278857
851,-1.4800000000000535,0.5662435320211457,2.0,0.5767629200404812
852,-1.470000000000054,0.568662778876123,2.0,0.5784422690371532
853,-1.460000000000054,0.5710820257310999,2.0,0.5801510113452084
854,-1.4500000000000544,0.5735012725860769,2.0,0.581889534693021
855,-1.4400000000000546,0.575920519441054,2.0,0.5836582270653453
856,-1.4300000000000548,0.578339766296031,2.0,0.5854574762744024
857,-1.420000000000055,0.5807590131510084,2.0,0.5872876694956715
858,-1.4100000000000552,0.5831782600059855,2.0,0.5891491927662624
859,-1.4000000000000554,0.5855975068609627,2.0,0.5910424304436601
860,-1.3900000000000556,0.5880167537159394,2.0,0.5929677646225392
861,-1.3800000000000558,0.5904599854792242,2.0,0.5949255745072684
862,-1.370000000000056,0.5930722582225924,2.0,0.5969162357376405
863,-1.3600000000000565,0.5956845309659597,2.0,0.5989401196652844
864,-1.3500000000000565,0.5982968037093275,2.0,0.6009975925781443
865,-1.3400000000000567,0.6009090764526955,2.0,0.6030890148703439
866,-1.330000000000057,0.6035213491960633,2.0,0.6052147401546946
867,-1.3200000000000571,0.6065037424961535,2.0,0.6073751143150538
868,-1.3100000000000571,0.6098747911333977,2.0,0.6095704744957062
869,-1.3000000000000576,0.6132458397706418,2.0,0.6118011480249069
870,-1.2900000000000578,0.6166168884078864,2.0,0.6140674512697262
871,-1.280000000000058,0.6199879370451304,2.0,0.6163696884193277
872,-1.2700000000000582,0.6233589856823748,2.0,0.618708150193855
873,-1.2600000000000584,0.6267300343196189,2.0,0.6210831124761446
874,-1.2500000000000586,0.6301010829568633,2.0,0.6234948348635551
875,-1.2400000000000588,0.6334721315941078,2.0,0.6259435591373248
876,-1.230000000000059,0.6368431802313519,2.0,0.6284295076469943
877,-1.2200000000000593,0.6402142288685961,2.0,0.6309528816076182
878,-1.2100000000000597,0.6435852775058404,2.0,0.6335138593077071
879,-1.2000000000000597,0.6469563261430845,2.0,0.6361125942261033
880,-1.19000000000006,0.6503273747803285,2.0,0.6387492130563115
881,-1.18000000000006,0.653698423417573,2.0,0.6414238136371752
882,-1.1700000000000603,0.657069472054817,2.0,0.6441364627892152
883,-1.1600000000000603,0.6604405206920613,2.0,0.6468871940564533
884,-1.1500000000000608,0.6638115693293057,2.0,0.6496760053540885
885,-1.140000000000061,0.6671826179665498,2.0,0.652502856523055
886,-1.1300000000000612,0.670553666603794,2.0,0.6553676667931917
887,-1.1200000000000614,0.6739247152410383,2.0,0.658270312157573
888,-1.1100000000000616,0.6772957638782822,2.0,0.6612106226614249
889,-1.1000000000000618,0.6806668125155265,2.0,0.6641883796100593
890,-1.090000000000062,0.6840378611527709,2.0,0.6672033127013182
891,-1.0800000000000622,0.6874089097900148,2.0,0.6702550970892253
892,-1.0700000000000625,0.6907799584272596,2.0,0.6733433503868108
893,-1.060000000000063,0.6941510070645037,2.0,0.6764676296174671
894,-1.0500000000000629,0.6975220557017481,2.0,0.6796274281256898
895,-1.040000000000063,0.7008931043389923,2.0,0.6828221724596351
896,-1.0300000000000633,0.7042641529762365,2.0,0.6860512192396282
897,-1.0200000000000635,0.7083391594270264,2.0,0.6893138520285242
898,-1.0100000000000635,0.7129278767952472,2.0,0.6926092782216927
899,-1.000000000000064,0.7175165941634682,2.0,0.6959366259763333
900,-0.9900000000000642,0.7221053115316896,2.0,0.6992949412018303
901,-0.9800000000000644,0.726694028899911,2.0,0.7026831846348923
902,-0.9700000000000646,0.731282746268132,2.0,0.7061002290253026
903,-0.9600000000000648,0.7358714636363529,2.0,0.7095448564601614
904,-0.950000000000065,0.7404601810045743,2.0,0.7130157558565805
905,-0.9400000000000652,0.7450488983727952,2.0,0.716511520654748
906,-0.9300000000000654,0.7496376157410165,2.0,0.7200306467452324
907,-0.9200000000000657,0.7542263331092377,2.0,0.7235715306661484
908,-0.910000000000066,0.7588150504774589,2.0,0.7271324681074479
909,-0.9000000000000661,0.7634037678456802,2.0,0.7307116527609985
910,-0.8900000000000663,0.7679924852139011,2.0,0.7343071755562616
911,-0.8800000000000665,0.7725812025821222,2.0,0.7379170243222303
912,-0.8700000000000667,0.7771699199503432,2.0,0.7415390839167556
913,-0.8600000000000669,0.7817586373185647,2.0,0.7451711368644515
914,-0.8500000000000671,0.7863473546867854,2.0,0.7488108645439552
915,-0.8400000000000674,0.7909360720550068,2.0,0.7524558489643758
916,-0.8300000000000676,0.7955247894232278,2.0,0.7561035751692411
917,-0.8200000000000678,0.8001135067914493,2.0,0.7597514343040942
918,-0.810000000000068,0.8047022241596706,2.0,0.7633967273810682
919,-0.8000000000000682,0.8079691707075622,2.0,0.767036669770205
920,-0.7900000000000684,0.8097912021071693,2.0,0.7706683964430098
921,-0.7800000000000686,0.8108887959356943,2.0,0.7742889679886539
922,-0.7700000000000689,0.8119863897642196,2.0,0.7778953774174133
923,-0.7600000000000691,0.8130839835927449,2.0,0.7814845577593101
924,-0.7500000000000693,0.8141815774212702,2.0,0.7850533904585689
925,-0.7400000000000695,0.8152791712497954,2.0,0.7885987145564167
926,-0.7300000000000697,0.8163767650783211,2.0,0.7921173366460138
927,-0.7200000000000699,0.8174743589068462,2.0,0.7956060415739822
928,-0.7100000000000701,0.8185719527353711,2.0,0.7990616038531665
929,-0.7000000000000703,0.8196695465638965,2.0,0.8024807997410827
930,-0.6900000000000706,0.8207671403924217,2.0,0.8058604199280494
931,-0.6800000000000708,0.8218647342209465,2.0,0.8091972827684752
932,-0.670000000000071,0.8229623280494722,2.0,0.8124882479783222
933,-0.6600000000000712,0.8240599218779973,2.0,0.8157302307115671
934,-0.6500000000000714,0.8251575157065226,2.0,0.8189202159187704
935,-0.6400000000000716,0.826255109535048,2.0,0.8220552728817894
936,-0.6300000000000718,0.827352703363573,2.0,0.825132569810499
937,-0.620000000000072,0.8284502971920984,2.0,0.8281493883802834
938,-0.6100000000000723,0.8295478910206237,2.0,0.8311031380832569
939,-0.6000000000000725,0.8306454848491488,2.0,0.8339913702618469
940,-0.5900000000000727,0.831743078677674,2.0,0.8368117916906921
941,-0.5800000000000729,0.8333510988908343,2.0,0.8395622775719432
942,-0.5700000000000731,0.8350869216870299,2.0,0.8422408838101073
943,-0.5600000000000733,0.8368227444832251,2.0,0.8448458584356279
944,-0.5500000000000735,0.8383372404229298,2.0,0.84737565205153
945,-0.5400000000000738,0.8398246479720586,2.0,0.8498289271846184
946,-0.530000000000074,0.8413982820697232,2.0,0.8522045664319329
947,-0.5200000000000742,0.8438561885735691,2.0,0.8545016793042882
948,-0.5100000000000744,0.8463140950774151,2.0,0.8567196076816603
949,-0.5000000000000746,0.8487720015812612,2.0,0.858857929809725
950,-0.4900000000000748,0.8512299080851072,2.0,0.8609164627827985
951,-0.480000000000075,0.8536878145889535,2.0,0.862895263475503
952,-0.4700000000000752,0.8561457210927997,2.0,0.8647946279033947
953,-0.4600000000000754,0.8586036275966454,2.0,0.8666150890112263
954,-0.4500000000000757,0.8610615341004916,2.0,0.8683574129061292
955,-0.4400000000000759,0.8635194406043376,2.0,0.8700225935714558
956,-0.4300000000000761,0.8659773471081837,2.0,0.871611846114962
957,-0.4200000000000763,0.8679243084410068,2.0,0.8731265986221107
958,-0.4100000000000765,0.8696274526038544,2.0,0.8745684827012012
959,-0.4000000000000767,0.8713305967667019,2.0,0.8759393228215219
960,-0.3900000000000769,0.8730337409295493,2.0,0.8772411245584828
961,-0.3800000000000771,0.8747368850923967,2.0,0.8784760618705442
962,-0.3700000000000774,0.8764400292552443,2.0,0.879646463541508
963,-0.3600000000000776,0.8781431734180919,2.0,0.8807547989283172
964,-0.3500000000000778,0.8798463175809393,2.0,0.8818036631587779
965,-0.340000000000078,0.881549461743787,2.0,0.8827957619256556
966,-0.3300000000000782,0.8832526059066342,2.0,0.8837338960233669
967,-0.3200000000000784,0.8849557500694818,2.0,0.8846209457711307
968,-0.3100000000000786,0.8866588942323291,2.0,0.8854598554620596
969,-0.3000000000000788,0.8883620383951767,2.0,0.8862536179714597
970,-0.2900000000000791,0.8900651825580242,2.0,0.8870052596497612
971,-0.2800000000000793,0.8917683267208717,2.0,0.8877178256162165
972,-0.2700000000000795,0.8934714708837191,2.0,0.8883943655591092
973,-0.2600000000000797,0.8951746150465666,2.0,0.889037920136866
974,-0.2500000000000799,0.8968777592094144,2.0,0.8896515080624882
975,-0.2400000000000801,0.8985809033722618,2.0,0.890238113941361
976,-0.2300000000000803,0.9002840475351094,2.0,0.8908006769199518
977,-0.2200000000000805,0.901987191697957,2.0,0.8913420801904844
978,-0.2100000000000808,0.9035673133252182,2.0,0.8918651413845033
979,-0.200000000000081,0.9037261508095876,2.0,0.8923726038765516
980,-0.1900000000000812,0.9038849882939564,2.0,0.8928671290081234
981,-0.1800000000000814,0.9040438257783258,2.0,0.893351289231741
982,-0.1700000000000816,0.9042026632626948,2.0,0.8938275621655625
983,-0.1600000000000818,0.904361500747064,2.0,0.8942983255404131
984,-0.150000000000082,0.904520338231433,2.0,0.89476585301361
985,-0.1400000000000822,0.9046791757158024,2.0,0.895232310817434
986,-0.1300000000000825,0.9048380132001712,2.0,0.8956997552046041
987,-0.1200000000000827,0.9049968506845404,2.0,0.8961701306485936
988,-0.1100000000000829,0.9051556881689096,2.0,0.8966452687530975
989,-0.1000000000000831,0.9053145256532786,2.0,0.8971268878223042
990,-0.0900000000000833,0.9054733631376476,2.0,0.8976165930418657
991,-0.0800000000000835,0.905632200622017,2.0,0.8981158772194385
992,-0.0700000000000837,0.905791038106386,2.0,0.898626122033399
993,-0.0600000000000839,0.9054496913711718,2.0,0.8991485997386599
994,-0.0500000000000842,0.9050208156835098,2.0,0.899684475279415
995,-0.0400000000000844,0.904591939995848,2.0,0.9002348087600043
996,-0.0300000000000846,0.9041630643081856,2.0,0.9008005582268513
997,-0.0200000000000848,0.9037341886205236,2.0,0.9013825827165078
998,-0.010000000000085,0.9033053129328618,2.0,0.901981645527176
999,-8.526512829121202e-14,0.9028764372451996,2.0,0.902598417673615
1000,0.0099999999999145,0.9024475615575378,2.0,0.9032334814879821
1001,0.0199999999999143,0.9035280251661328,2.0,0.9038873343319186
1002,0.029999999999914,0.9056917410892756,2.0,0.9045603923879387
1003,0.0399999999999138,0.907855457012418,2.0,0.9052529945009709
1004,0.0499999999999136,0.9100191729355608,2.0,0.9059654060436063
1005,0.0599999999999134,0.9121828888587032,2.0,0.9066978227812758
1006,0.0699999999999132,0.914346604781846,2.0,0.9074503747161381
1007,0.079999999999913,0.9167008117391968,2.0,0.9082231298909138
1008,0.0899999999999128,0.9190790451555084,2.0,0.9090160981362237
1009,0.0999999999999126,0.92145727857182,2.0,0.9098292347471867
1010,0.1099999999999123,0.923835511988132,2.0,0.9106624440770758
1011,0.1199999999999121,0.9262137454044436,2.0,0.9115155830377348
1012,0.1299999999999119,0.9285919788207552,2.0,0.9123884644982168
1013,0.1399999999999117,0.9309702122370664,2.0,0.9132808605747045
1014,0.1499999999999115,0.933348445653378,2.0,0.9141925058062563
1015,0.1599999999999113,0.9357266790696896,2.0,0.9151231002122258
1016,0.1699999999999111,0.9381049124860013,2.0,0.9160723122284146
1017,0.1799999999999109,0.9400560543512028,2.0,0.9170397815200771
1018,0.1899999999999106,0.941644710337706,2.0,0.9180251216708425
1019,0.1999999999999104,0.9432333663242096,2.0,0.9190279227474496
1020,0.2099999999999102,0.9448220223107132,2.0,0.9200477537409336
1021,0.21999999999991,0.9464106782972168,2.0,0.9210841648855131
1022,0.2299999999999098,0.9479993342837202,2.0,0.9221366898569927
1023,0.2399999999999096,0.9495879902702236,2.0,0.9232048478529369
1024,0.2499999999999094,0.9511766462567272,2.0,0.9242881455572713
1025,0.2599999999999092,0.9527653022432304,2.0,0.9253860789922826
1026,0.269999999999909,0.954353958229734,2.0,0.9264981352612399
1027,0.2799999999999087,0.9559426142162376,2.0,0.9276237941850791
1028,0.2899999999999085,0.9560768290388726,2.0,0.9287625298367301
1029,0.2999999999999083,0.9557557808220454,2.0,0.9299138119767973
1030,0.3099999999999081,0.9554347326052184,2.0,0.9310771073943603
1031,0.3199999999999079,0.9551136843883912,2.0,0.9322518811567229
1032,0.3299999999999077,0.9547926361715644,2.0,0.933437597771936
1033,0.3399999999999075,0.9544715879547372,2.0,0.9346337222679166
1034,0.3499999999999073,0.9531767281661504,2.0,0.9358397211919539
1035,0.359999999999907,0.9512242299075216,2.0,0.9370550635343298
1036,0.3699999999999068,0.9492717316488928,2.0,0.9382792215797405
1037,0.3799999999999066,0.9476027624018636,2.0,0.9395116716900951
1038,0.3899999999999064,0.9532995653279682,2.0,0.9407518950222076
1039,0.3999999999999062,0.9589963682540728,2.0,0.9419993781837848
1040,0.409999999999906,0.964693171180177,2.0,0.9432536138310129
1041,0.4199999999999058,0.970124619174821,2.0,0.9445141012109425
1042,0.4299999999999055,0.9755501715061768,2.0,0.9457803466517555
1043,0.4399999999999053,0.9809757238375324,2.0,0.9470518640038855
1044,0.4499999999999051,0.9864012761688876,2.0,0.9483281750348447
1045,0.4599999999999049,0.9918268285002434,2.0,0.9496088097805061
1046,0.4699999999999047,0.9945933134390014,2.0,0.950893306855462
1047,0.4799999999999045,0.9951993130378516,2.0,0.9521812137249749
1048,0.4899999999999043,0.9958053126367028,2.0,0.9534720869409197
1049,0.4999999999999041,0.9964113122355532,2.0,0.9547654923440151
1050,0.5099999999999039,0.997017311834404,2.0,0.9560610052345208
1051,0.5199999999999037,0.997124157697538,2.0,0.9573582105134881
1052,0.5299999999999034,0.9972271942695988,2.0,0.9586567027965361
1053,0.5399999999999032,0.9973302308416602,2.0,0.9599560865020368
1054,0.549999999999903,0.9974332674137212,2.0,0.961255975915493
1055,0.5599999999999028,0.9975363039857824,2.0,0.9625559952318029
1056,0.5699999999999026,0.9976393405578436,2.0,0.9638557785770084
1057,0.5799999999999024,0.9977423771299044,2.0,0.9651549700110581
1058,0.5899999999999022,0.9967110731538524,2.0,0.9664532235130091
1059,0.599999999999902,0.9952592598605008,2.0,0.9677502029500349
1060,0.6099999999999017,0.993807446567149,2.0,0.96904558203152
1061,0.6199999999999015,0.9923556332737974,2.0,0.9703390442494498
1062,0.6299999999999013,0.9909038199804456,2.0,0.971630282806245
1063,0.6399999999999011,0.9894520066870938,2.0,0.9729190005311089
1064,0.6499999999999009,0.988000193393742,2.0,0.9742049097859131
1065,0.6599999999999007,0.9865483801003904,2.0,0.9754877323615657
1066,0.6699999999999005,0.9850965668070388,2.0,0.9767671993657674
1067,0.6799999999999002,0.9840323555449012,2.0,0.9780430511029986
1068,0.6899999999999,0.984602852347998,2.0,0.9793150369475281
1069,0.6999999999998998,0.9851733491510948,2.0,0.9805829152101875
1070,0.7099999999998996,0.985743845954192,2.0,0.9818464529996145
1071,0.7199999999998994,0.986314342757289,2.0,0.9831054260786087
1072,0.7299999999998992,0.9868848395603858,2.0,0.9843596187162228
1073,0.739999999999899,0.9874553363634831,2.0,0.9856088235361512
1074,0.7499999999998987,0.98802583316658,2.0,0.9868528413619592
1075,0.7599999999998985,0.9885963299696772,2.0,0.9880914810596463
1076,0.7699999999998983,0.989166826772774,2.0,0.9893245593780086
1077,0.7799999999998981,0.9897373235758709,2.0,0.9905519007872404
1078,0.7899999999998979,0.990307820378968,2.0,0.9917733373161696
1079,0.7999999999998977,0.990878317182065,2.0,0.9929887083885054
1080,0.8099999999998975,0.991448813985162,2.0,0.9941978606584498
1081,0.8199999999998973,0.9918292315935904,2.0,0.995400647845986
1082,0.829999999999897,0.9921632042549584,2.0,0.9965969305721519
1083,0.8399999999998968,0.9924971769163268,2.0,0.9977865761945655
1084,0.8499999999998966,0.9928311495776952,2.0,0.9989694586434629
1085,0.8599999999998964,0.9931651222390632,2.0,1.0001454582584763
1086,0.8699999999998962,0.9934990949004316,2.0,1.0013144616263734
1087,0.879999999999896,0.9938330675617996,2.0,1.0024763614199468
1088,0.8899999999998958,0.9941670402231682,2.0,1.0036310562382442
1089,0.8999999999998956,0.9945010128845364,2.0,1.0047784504482875
1090,0.9099999999998952,0.9948349855459044,2.0,1.0059184540284485
1091,0.9199999999998952,0.9951689582072728,2.0,1.0070509824135978
1092,0.9299999999998948,0.995502930868641,2.0,1.0081759563421646
1093,0.9399999999998948,0.9958369035300092,2.0,1.009293301705201
1094,0.9499999999998944,0.9961708761913776,2.0,1.0104029493975644
1095,0.9599999999998944,0.9965048488527456,2.0,1.0115048351712892
1096,0.969999999999894,0.996838821514114,2.0,1.0125988994912358
1097,0.9799999999998938,0.9971727941754824,2.0,1.0136850873930794
1098,0.9899999999998936,0.9975067668368504,2.0,1.0147633483436937
1099,0.9999999999998934,0.9978407394982188,2.0,1.0158336361039855
1100,1.0099999999998932,0.998174712159587,2.0,1.0168959085942155
1101,1.019999999999893,0.9985086848209552,2.0,1.0179501277618457
1102,1.0299999999998928,0.9988426574823236,2.0,1.0189962594519355
1103,1.0399999999998926,0.9991766301436916,2.0,1.0200342732801122
1104,1.0499999999998924,0.9995106028050598,2.0,1.021064142508129
1105,1.059999999999892,0.999844575466428,2.0,1.022085843922026
1106,1.069999999999892,1.0001785481277965,2.0,1.0230993577128857
1107,1.0799999999998915,1.0005125207891647,2.0,1.024104667360205
1108,1.0899999999998915,1.0008464934505328,2.0,1.0251017595178589
1109,1.0999999999998913,1.0000000000000293,2.0,1.0260906239026608
1110,1.109999999999891,0.9967277281141036,2.0,1.0270712531855044
1111,1.1199999999998909,0.9934554562281782,2.0,1.0280436428850712
1112,1.1299999999998906,0.9901831843422524,2.0,1.0290077912640896
1113,1.1399999999998904,0.9869109124563272,2.0,1.0299636992281214
1114,1.1499999999998902,0.9836386405704016,2.0,1.0309113702268506
1115,1.15999999999989,0.980366368684476,2.0,1.0318508101578607
1116,1.1699999999998898,0.9770940967985504,2.0,1.0327820272728552
1117,1.1799999999998896,0.9738218249126251,2.0,1.033705032086307
1118,1.1899999999998894,0.9705495530266998,2.0,1.0346198372865
1119,1.1999999999998892,0.967277281140774,2.0,1.0355264576489267
1120,1.209999999999889,0.9640050092548486,2.0,1.0364249099520149
1121,1.2199999999998887,0.9607327373689232,2.0,1.0373152128951433
1122,1.2299999999998883,0.9575697776248436,2.0,1.03819738701891
1123,1.2399999999998883,0.95452195864556,2.0,1.0390714546276236
1124,1.249999999999888,0.9514741396662764,2.0,1.0399374397139651
1125,1.259999999999888,0.9484263206869924,2.0,1.0407953678857997
1126,1.2699999999998877,0.9453785017077088,2.0,1.0416452662950832
1127,1.2799999999998877,0.9423306827284252,2.0,1.0424871635688353
1128,1.2899999999998872,0.9392828637491416,2.0,1.0433210897421343
1129,1.299999999999887,0.936235044769858,2.0,1.044147076193093
1130,1.3099999999998868,0.933187225790574,2.0,1.0449651555797799
1131,1.3199999999998866,0.9301394068112904,2.0,1.04577536177904
1132,1.3299999999998864,0.927091587832007,2.0,1.0465777298271781
1133,1.3399999999998862,0.9240437688527232,2.0,1.0473722958624665
1134,1.349999999999886,0.9209959498734396,2.0,1.048159097069429
1135,1.3599999999998855,0.917948130894156,2.0,1.048938171624873
1136,1.3699999999998855,0.9149003119148724,2.0,1.0497095586456182
1137,1.379999999999885,0.9118524929355885,2.0,1.0504732981378913
1138,1.389999999999885,0.9088046739563048,2.0,1.051229430948344
1139,1.399999999999885,0.9057568549770212,2.0,1.0519779987166538
1140,1.409999999999885,0.902709035997738,2.0,1.0527190438296736
1141,1.4199999999998845,0.899661217018454,2.0,1.05345260937709
1142,1.4299999999998845,0.8966133980391703,2.0,1.0541787391085495
1143,1.439999999999884,0.8935655790598864,2.0,1.0548974773922237
1144,1.4499999999998838,0.8905177600806028,2.0,1.0556088691747685
1145,1.4599999999998836,0.8874699411013193,2.0,1.056312959942647
1146,1.4699999999998834,0.8844221221220356,2.0,1.0570097956847775
1147,1.4799999999998832,0.8813743031427519,2.0,1.0576994228564742
1148,1.489999999999883,0.8783264841634683,2.0,1.0583818883446436
1149,1.4999999999998828,0.8752786651841845,2.0,1.0590572394342062
1150,1.5099999999998823,0.8722308462049011,2.0,1.0597255237757073
1151,1.5199999999998823,0.8691830272256176,2.0,1.060386789354086
1152,1.529999999999882,0.8661352082463338,2.0,1.0610410844585694
1153,1.539999999999882,0.8630873892670501,2.0,1.0616884576536614
1154,1.5499999999998817,0.8600395702877662,2.0,1.0623289577511985
1155,1.5599999999998817,0.8569917513084827,2.0,1.0629626337834348
1156,1.5699999999998813,0.853943932329199,2.0,1.0635895349771325
1157,1.579999999999881,0.8508961133499156,2.0,1.0642097107286317
1158,1.5899999999998808,0.8478482943706317,2.0,1.0648232105798596
1159,1.5999999999998806,0.8448004753913481,2.0,1.06543008419527
1160,1.6099999999998804,0.8417526564120643,2.0,1.0660303813396643
1161,1.6199999999998802,0.8387048374327806,2.0,1.066624151856886
1162,1.62999999999988,0.8356570184534972,2.0,1.0672114456493524
1163,1.6399999999998798,0.8326091994742133,2.0,1.0677923126584026
1164,1.6499999999998796,0.8295613804949294,2.0,1.0683668028454354
1165,1.6599999999998791,0.8265135615156463,2.0,1.068934966173813
1166,1.6699999999998791,0.8234657425363624,2.0,1.069496852591509
1167,1.679999999999879,0.8204179235570788,2.0,1.0700525120144744
1168,1.6899999999998787,0.8173701045777951,2.0,1.0706019943107044
1169,1.6999999999998785,0.8143222855985115,2.0,1.0711453492849772
1170,1.7099999999998785,0.8112744666192279,2.0,1.071682626664251
1171,1.719999999999878,0.8082266476399442,2.0,1.0722138760836917
1172,1.729999999999878,0.8051788286606604,2.0,1.0727391470733179
1173,1.7399999999998776,0.8021310096813767,2.0,1.0732584890452361
1174,1.7499999999998774,0.7990831907020931,2.0,1.0737719512814552
1175,1.7599999999998772,0.7960353717228096,2.0,1.0742795829222522
1176,1.769999999999877,0.7929875527435258,2.0,1.0747814329550822
1177,1.7799999999998768,0.7899397337642424,2.0,1.0752775502040037
1178,1.7899999999998766,0.7868919147849585,2.0,1.0757679833196099
1179,1.7999999999998764,0.7838440958056746,2.0,1.0762527807694466
1180,1.809999999999876,0.7807962768263912,2.0,1.0767319908288997
1181,1.819999999999876,0.7777484578471073,2.0,1.0772056615725385
1182,1.829999999999876,0.7747006388678237,2.0,1.0776738408658966
1183,1.8399999999998755,0.7716528198885403,2.0,1.0781365763576802
1184,1.8499999999998755,0.7686050009092564,2.0,1.0785939154723816
1185,1.859999999999875,0.7655571819299729,2.0,1.0790459054032933
1186,1.8699999999998749,0.7625093629506893,2.0,1.0794925931059014
1187,1.8799999999998749,0.7594615439714054,2.0,1.0799340252916492
1188,1.8899999999998744,0.7564137249921219,2.0,1.0803702484220534
1189,1.8999999999998745,0.7533659060128385,2.0,1.0808013087031698
1190,1.909999999999874,0.7503180870335543,2.0,1.0812272520803834
1191,1.9199999999998736,0.7472492664992397,2.0,1.081648124233523
1192,1.9299999999998736,0.7441239927729215,2.0,1.0820639705722805
1193,1.9399999999998732,0.7409987190466035,2.0,1.0824748362319279
1194,1.9499999999998727,0.7378734453202852,2.0,1.0828807660693216
1195,1.959999999999873,0.7347481715939672,2.0,1.08328180465918
1196,1.9699999999998727,0.7316228978676493,2.0,1.0836779962906278
1197,1.9799999999998723,0.7284976241413311,2.0,1.0840693849639946
1198,1.9899999999998723,0.7253723504150134,2.0,1.0844560143878623
1199,1.999999999999872,0.7222470766886951,2.0,1.0848379279763456
1200,-1.9900000000000428,0.99996080949517,3.0,0.9867418048783552
1201,-1.980000000000043,0.99996061480315,3.0,0.986737442630581
1202,-1.9700000000000435,0.9999604201111302,3.0,0.9867325511900611
1203,-1.9600000000000437,0.9999602254191104,3.0,0.9867271184280622
1204,-1.950000000000044,0.9999600307270908,3.0,0.9867211319018039
1205,-1.940000000000044,0.9999598360350708,3.0,0.986714578845407
1206,-1.930000000000044,0.9999596413430512,3.0,0.9867074461605727
1207,-1.9200000000000443,0.9999594466510314,3.0,0.9866997204069963
1208,-1.9100000000000448,0.9999592519590116,3.0,0.9866913877925032
1209,-1.9000000000000448,0.999959057266992,3.0,0.9866824341628992
1210,-1.890000000000045,0.999958862574972,3.0,0.9866728449915301
1211,-1.8800000000000447,0.9999586678829522,3.0,0.9866626053685423
1212,-1.8700000000000452,0.9999584731909325,3.0,0.9866516999898347
1213,-1.8600000000000456,0.9999582784989128,3.0,0.986640113145699
1214,-1.8500000000000456,0.9999580838068928,3.0,0.9866278287091332
1215,-1.840000000000046,0.9999578891148732,3.0,0.9866148301238302
1216,-1.8300000000000465,0.9999576944228532,3.0,0.9866011003918209
1217,-1.8200000000000465,0.9999574997308336,3.0,0.9865866220607764
1218,-1.810000000000047,0.999957305038814,3.0,0.9865713772109521
1219,-1.800000000000047,0.999957110346794,3.0,0.9865553474417688
1220,-1.790000000000047,0.9999569156547742,3.0,0.9865385138580225
1221,-1.780000000000047,0.9999567209627546,3.0,0.9865208570557136
1222,-1.7700000000000475,0.9999565262707346,3.0,0.9865023571074871
1223,-1.7600000000000475,0.9999563315787148,3.0,0.9864829935476764
1224,-1.750000000000048,0.9999561368866952,3.0,0.9864627453569399
1225,-1.7400000000000482,0.9999559421946752,3.0,0.9864415909464856
1226,-1.7300000000000484,0.9999557475026556,3.0,0.9864195081418707
1227,-1.7200000000000486,0.9999555528106356,3.0,0.9863964741663718
1228,-1.7100000000000488,0.999955358118616,3.0,0.9863724656239141
1229,-1.700000000000049,0.9999551634265964,3.0,0.9863474584815546
1230,-1.6900000000000492,0.9999549687345765,3.0,0.9863214280515094
1231,-1.6800000000000497,0.9999547740425566,3.0,0.9862943489727156
1232,-1.6700000000000497,0.9999545793505368,3.0,0.9862661951919236
1233,-1.66000000000005,0.999954384658517,3.0,0.9862369399443112
1234,-1.65000000000005,0.9999541899664972,3.0,0.9862065557336095
1235,-1.6400000000000503,0.9999539952744776,3.0,0.9861750143117363
1236,-1.6300000000000503,0.9999538005824578,3.0,0.9861422866579332
1237,-1.6200000000000507,0.999953605890438,3.0,0.9861083429573931
1238,-1.610000000000051,0.999953411198418,3.0,0.9860731525793789
1239,-1.6000000000000512,0.9999532165063983,3.0,0.9860366840548247
1240,-1.5900000000000514,0.9999530218143786,3.0,0.9859989050534184
1241,-1.5800000000000516,0.9999528271223588,3.0,0.9859597823601571
1242,-1.5700000000000518,0.999952632430339,3.0,0.9859192818513776
1243,-1.560000000000052,0.9999524377383192,3.0,0.9858773684702546
1244,-1.5500000000000522,0.9999522430462996,3.0,0.9858340062017688
1245,-1.5400000000000524,0.9999520483542798,3.0,0.9857891580471443
1246,-1.5300000000000529,0.99995185366226,3.0,0.985742785997753
1247,-1.5200000000000529,0.99995165897024,3.0,0.9856948510084937
1248,-1.510000000000053,0.9999514642782203,3.0,0.9856453129706411
1249,-1.5000000000000533,0.9999512695862004,3.0,0.9855941306841776
1250,-1.4900000000000535,0.9999510748941808,3.0,0.9855412618296089
1251,-1.4800000000000535,0.999950880202161,3.0,0.9854866629392751
1252,-1.470000000000054,0.9999506855101412,3.0,0.9854302893681608
1253,-1.460000000000054,0.9999504908181216,3.0,0.9853720952642275
1254,-1.4500000000000544,0.9999502961261018,3.0,0.9853120335382686
1255,-1.4400000000000546,0.9999500465383692,3.0,0.9852500558333144
1256,-1.4300000000000548,0.9999497604855636,3.0,0.9851861124936032
1257,-1.420000000000055,0.9999494744327582,3.0,0.9851201525331368
1258,-1.4100000000000552,0.9999491883799524,3.0,0.9850521236038481
1259,-1.4000000000000554,0.9999489023271472,3.0,0.9849819719634152
1260,-1.3900000000000556,0.9999486162743416,3.0,0.9849096424427373
1261,-1.3800000000000558,0.999948330221536,3.0,0.984835078413129
1262,-1.370000000000056,0.9999480441687304,3.0,0.9847582217532542
1263,-1.3600000000000565,0.999947758115925,3.0,0.9846790128158569
1264,-1.3500000000000565,0.9999474720631196,3.0,0.9845973903943279
1265,-1.3400000000000567,0.9999471860103138,3.0,0.9845132916891695
1266,-1.330000000000057,0.9999468999575084,3.0,0.9844266522744096
1267,-1.3200000000000571,0.9999466139047029,3.0,0.9843374060640369
1268,-1.3100000000000571,0.9999451209577142,3.0,0.9842454852785252
1269,-1.3000000000000576,0.999940434200664,3.0,0.9841508204115232
1270,-1.2900000000000578,0.9999357474436138,3.0,0.9840533401968001
1271,-1.280000000000058,0.9999310606865636,3.0,0.983952971575532
1272,-1.2700000000000582,0.9999263739295136,3.0,0.983849639664037
1273,-1.2600000000000584,0.9997078117576048,3.0,0.9837432677220663
1274,-1.2500000000000586,0.9990100337916338,3.0,0.9836337771217634
1275,-1.2400000000000588,0.9983128366749464,3.0,0.983521087317432
1276,-1.230000000000059,0.9976156395582592,3.0,0.9834051158162405
1277,-1.2200000000000593,0.996918442441572,3.0,0.9832857781500159
1278,-1.2100000000000597,0.9962212453248844,3.0,0.9831629878482933
1279,-1.2000000000000597,0.9955240482081972,3.0,0.9830366564127868
1280,-1.19000000000006,0.99482685109151,3.0,0.9829066932934776
1281,-1.18000000000006,0.9941296539748228,3.0,0.982773005866513
1282,-1.1700000000000603,0.9934324568581356,3.0,0.9826354994141369
1283,-1.1600000000000603,0.9927352597414482,3.0,0.982494077106882
1284,-1.1500000000000608,0.9920380626247608,3.0,0.9823486399882695
1285,-1.140000000000061,0.9916572780816044,3.0,0.9821990869622885
1286,-1.1300000000000612,0.9914513843961256,3.0,0.9820453147839281
1287,-1.1200000000000614,0.9912454907106464,3.0,0.981887218053078
1288,-1.1100000000000616,0.9910395970251672,3.0,0.9817246892121074
1289,-1.1000000000000618,0.9908337033396882,3.0,0.9815576185474801
1290,-1.090000000000062,0.990627809654209,3.0,0.9813858941957609
1291,-1.0800000000000622,0.9903473306666072,3.0,0.9812094021544135
1292,-1.0700000000000625,0.9900974556889608,3.0,0.9810280262977951
1293,-1.060000000000063,0.9898475807113144,3.0,0.9808416483987963
1294,-1.0500000000000629,0.989597705733668,3.0,0.9806501481565868
1295,-1.040000000000063,0.9893478307560216,3.0,0.9804534032309631
1296,-1.0300000000000633,0.9890979557783752,3.0,0.9802512892838222
1297,-1.0200000000000635,0.988848080800729,3.0,0.9800436800283108
1298,-1.0100000000000635,0.9885982058230826,3.0,0.9798304472862354
1299,-1.000000000000064,0.9883483308454362,3.0,0.9796114610543463
1300,-0.9900000000000642,0.9880984558677898,3.0,0.9793865895801435
1301,-0.9800000000000644,0.9878485808901434,3.0,0.979155699447884
1302,-0.9700000000000646,0.987598705912497,3.0,0.9789186556755047
1303,-0.9600000000000648,0.9873488309348506,3.0,0.9786753218232109
1304,-0.950000000000065,0.9870989559572042,3.0,0.9784255601145118
1305,-0.9400000000000652,0.986918630279924,3.0,0.9781692315705266
1306,-0.9300000000000654,0.98675079032504,3.0,0.9779061961584112
1307,-0.9200000000000657,0.9865829503701562,3.0,0.9776363129547998
1308,-0.910000000000066,0.9864667323209546,3.0,0.9773594403251875
1309,-0.9000000000000661,0.9863832390428768,3.0,0.9770754361202112
1310,-0.8900000000000663,0.9862997457647984,3.0,0.9767841578898262
1311,-0.8800000000000665,0.9862162524867204,3.0,0.9764854631164073
1312,-0.8700000000000667,0.9861327592086424,3.0,0.9761792094678283
1313,-0.8600000000000669,0.9860492659305644,3.0,0.9758652550716109
1314,-0.8500000000000671,0.9859657726524864,3.0,0.9755434588112599
1315,-0.8400000000000674,0.9858822793744082,3.0,0.9752136806459142
1316,-0.8300000000000676,0.9857987860963304,3.0,0.9748757819544795
1317,-0.8200000000000678,0.9857152928182524,3.0,0.9745296259054141
1318,-0.810000000000068,0.985631799540174,3.0,0.9741750778533467
1319,-0.8000000000000682,0.985548306262096,3.0,0.9738120057637218
1320,-0.7900000000000684,0.985464812984018,3.0,0.9734402806666513
1321,-0.7800000000000686,0.9853673874726262,3.0,0.9730597771411567
1322,-0.7700000000000689,0.9852540145997376,3.0,0.9726703738309481
1323,-0.7600000000000691,0.9851406417268488,3.0,0.9722719539928799
1324,-0.7500000000000693,0.9850272688539602,3.0,0.9718644060791604
1325,-0.7400000000000695,0.9849138959810714,3.0,0.9714476243543604
1326,-0.7300000000000697,0.9848005231081828,3.0,0.97102150954818
1327,-0.7200000000000699,0.984687150235294,3.0,0.9705859695448671
1328,-0.7100000000000701,0.9845737773624051,3.0,0.9701409201100688
1329,-0.7000000000000703,0.9844604044895164,3.0,0.9696862856557875
1330,-0.6900000000000706,0.9843470316166278,3.0,0.9692220000439644
1331,-0.6800000000000708,0.984233658743739,3.0,0.9687480074290631
1332,-0.670000000000071,0.9841202858708504,3.0,0.9682642631398237
1333,-0.6600000000000712,0.9840069129979616,3.0,0.9677707346001587
1334,-0.6500000000000714,0.983893540125073,3.0,0.9672674022889034
1335,-0.6400000000000716,0.9837801672521842,3.0,0.9667542607378736
1336,-0.6300000000000718,0.9836667943792956,3.0,0.9662313195673604
1337,-0.620000000000072,0.9835534215064068,3.0,0.9656986045578548
1338,-0.6100000000000723,0.9834400486335182,3.0,0.9651561587564106
1339,-0.6000000000000725,0.9833266757606294,3.0,0.9646040436156231
1340,-0.5900000000000727,0.9832133028877408,3.0,0.9640423401627458
1341,-0.5800000000000729,0.983099930014852,3.0,0.963471150195935
1342,-0.5700000000000731,0.9829865571419631,3.0,0.9628905975040718
1343,-0.5600000000000733,0.9828731842690744,3.0,0.9623008291059865
1344,-0.5500000000000735,0.9827598113961856,3.0,0.9617020165042576
1345,-0.5400000000000738,0.982646438523297,3.0,0.9610943569480426
1346,-0.530000000000074,0.9825330656504084,3.0,0.9604780746986303
1347,-0.5200000000000742,0.9824196927775196,3.0,0.9598534222905919
1348,-0.5100000000000744,0.9823063199046308,3.0,0.9592206817805311
1349,-0.5000000000000746,0.982026290517552,3.0,0.9585801659745172
1350,-0.4900000000000748,0.9816730359819708,3.0,0.9579322196243025
1351,-0.480000000000075,0.98131978144639,3.0,0.9572772205814213
1352,-0.4700000000000752,0.9810086180188896,3.0,0.9566155808971906
1353,-0.4600000000000754,0.9808691318638122,3.0,0.9559477478555356
1354,-0.4500000000000757,0.9807296457087348,3.0,0.9552742049244425
1355,-0.4400000000000759,0.9805901595536572,3.0,0.9545954726106674
1356,-0.4300000000000761,0.9804506733985798,3.0,0.9539121092011735
1357,-0.4200000000000763,0.9803111872435024,3.0,0.9532247113735963
1358,-0.4100000000000765,0.9801717010884248,3.0,0.9525339146568756
1359,-0.4000000000000767,0.9800942770460076,3.0,0.9518403937220634
1360,-0.3900000000000769,0.9800362203430358,3.0,0.9511448624822298
1361,-0.3800000000000771,0.9799871913897276,3.0,0.9504480739793801
1362,-0.3700000000000774,0.9798391275148975,3.0,0.9497508200353602
1363,-0.3600000000000776,0.9796009105540822,3.0,0.9490539306429249
1364,-0.3500000000000778,0.9791374892401165,3.0,0.948358273072478
1365,-0.340000000000078,0.9786035980205402,3.0,0.9476647506695088
1366,-0.3300000000000782,0.9780697068009642,3.0,0.9469743013174745
1367,-0.3200000000000784,0.9775358155813878,3.0,0.9462878955408576
1368,-0.3100000000000786,0.9770019243618115,3.0,0.9456065342233844
1369,-0.3000000000000788,0.9764648039912006,3.0,0.9449312459169903
1370,-0.2900000000000791,0.9759133717366666,3.0,0.9442630837180768
1371,-0.2800000000000793,0.9753619394821323,3.0,0.9436031216889835
1372,-0.2700000000000795,0.9748105072275982,3.0,0.9429524508044387
1373,-0.2600000000000797,0.9742590749730642,3.0,0.9423121744050829
1374,-0.2500000000000799,0.97370764271853,3.0,0.9416834031430399
1375,-0.2400000000000801,0.9731562104639958,3.0,0.941067249407971
1376,-0.2300000000000803,0.9726047782094618,3.0,0.9404648212260978
1377,-0.2200000000000805,0.9720533459549277,3.0,0.9398772156294022
1378,-0.2100000000000808,0.9715096839188292,3.0,0.9393055114975535
1379,-0.200000000000081,0.9709805634583808,3.0,0.9387507618811513
1380,-0.1900000000000812,0.9704514429979324,3.0,0.938213985821533
1381,-0.1800000000000814,0.9699223225374842,3.0,0.9376961596897548
1382,-0.1700000000000816,0.969393202077036,3.0,0.9371982080752475
1383,-0.1600000000000818,0.9688640816165875,3.0,0.9367209942631824
1384,-0.150000000000082,0.9683349611561394,3.0,0.9362653103485366
1385,-0.1400000000000822,0.9678058406956912,3.0,0.9358318670442256
1386,-0.1300000000000825,0.9672767202352428,3.0,0.9354212832503328
1387,-0.1200000000000827,0.9667475997747944,3.0,0.9350340754612372
1388,-0.1100000000000829,0.966218479314346,3.0,0.9346706470972248
1389,-0.1000000000000831,0.965689358853898,3.0,0.9343312778567139
1390,-0.0900000000000833,0.9651602383934496,3.0,0.9340161131943754
1391,-0.0800000000000835,0.9646311179330012,3.0,0.9337251540389242
1392,-0.0700000000000837,0.964101997472553,3.0,0.9334582468719708
1393,-0.0600000000000839,0.9635728770121046,3.0,0.9332150742958198
1394,-0.0500000000000842,0.9630437565516564,3.0,0.9329951462231736
1395,-0.0400000000000844,0.962514636091208,3.0,0.9327977918251495
1396,-0.0300000000000846,0.9619855156307598,3.0,0.9326221523755593
1397,-0.0200000000000848,0.9614563951703116,3.0,0.9324671751288209
1398,-0.010000000000085,0.9609272747098632,3.0,0.9323316083659519
1399,-8.526512829121202e-14,0.960398154249415,3.0,0.9322139977376964
1400,0.0099999999999145,0.959641271831608,3.0,0.9321126840258067
1401,0.0199999999999143,0.9587095856319038,3.0,0.932025802432785
1402,0.029999999999914,0.9577778994321996,3.0,0.931951283496999
1403,0.0399999999999138,0.9568462132324954,3.0,0.9318868557140445
1404,0.0499999999999136,0.9559145270327912,3.0,0.931830049926718
1405,0.0599999999999134,0.9549828408330872,3.0,0.931778205525162
1406,0.0699999999999132,0.9540511546333827,3.0,0.9317284784759698
1407,0.079999999999913,0.9531194684336788,3.0,0.9316778511746293
1408,0.0899999999999128,0.9521877822339744,3.0,0.931623144090103
1409,0.0999999999999126,0.9512560960342704,3.0,0.9315610291440433
1410,0.1099999999999123,0.950324409834566,3.0,0.9314880447407043
1411,0.1199999999999121,0.9493927236348618,3.0,0.9314006123375695
1412,0.1299999999999119,0.9484610374351576,3.0,0.9312950544216898
1413,0.1399999999999117,0.9475666074266224,3.0,0.9311676137332843
1414,0.1499999999999115,0.9466751272954474,3.0,0.9310144735568724
1415,0.1599999999999113,0.9457836471642724,3.0,0.9308317788816121
1416,0.1699999999999111,0.9448921670330976,3.0,0.9306156582170786
1417,0.1799999999999109,0.9440006869019224,3.0,0.930362245838843
1418,0.1899999999999106,0.9431092067707476,3.0,0.9300677042301715
1419,0.1999999999999104,0.9422177266395724,3.0,0.9297282464822436
1420,0.2099999999999102,0.9413262465083976,3.0,0.9293401584154897
1421,0.21999999999991,0.9404347663772228,3.0,0.9288998201890499
1422,0.2299999999999098,0.9395432862460475,3.0,0.9284037271737873
1423,0.2399999999999096,0.9386518061148726,3.0,0.9278485098765414
1424,0.2499999999999094,0.9377603259836976,3.0,0.9272309527190548
1425,0.2599999999999092,0.9368688458525226,3.0,0.9265480114938416
1426,0.269999999999909,0.9359773657213476,3.0,0.9257968293407248
1427,0.2799999999999087,0.9350858855901726,3.0,0.9249747511112782
1428,0.2899999999999085,0.9341944054589978,3.0,0.924079336013464
1429,0.2999999999999083,0.9333029253278228,3.0,0.9231083684547152
1430,0.3099999999999081,0.9324114451966478,3.0,0.922059867028038
1431,0.3199999999999079,0.9315199650654729,3.0,0.920932091611814
1432,0.3299999999999077,0.9306284849342976,3.0,0.9197235485793578
1433,0.3399999999999075,0.9297370048031228,3.0,0.9184329941384435
1434,0.3499999999999073,0.9288455246719476,3.0,0.9170594358435635
1435,0.359999999999907,0.9279540445407728,3.0,0.9156021323442314
1436,0.3699999999999068,0.927062564409598,3.0,0.9140605914509614
1437,0.3799999999999066,0.9261710842784228,3.0,0.9124345666164237
1438,0.3899999999999064,0.925279604147248,3.0,0.910724051942563
1439,0.3999999999999062,0.9243881240160728,3.0,0.908929275835116
1440,0.409999999999906,0.923496643884898,3.0,0.9070506934350202
1441,0.4199999999999058,0.9226051637537228,3.0,0.9050889779616811
1442,0.4299999999999055,0.921713683622548,3.0,0.903045011106133
1443,0.4399999999999053,0.920822203491373,3.0,0.9009198726129253
1444,0.4499999999999051,0.91884055697088,3.0,0.8987148291882974
1445,0.4599999999999049,0.9151418837418308,3.0,0.8964313228690974
1446,0.4699999999999047,0.9109232467802024,3.0,0.8940709589821785
1447,0.4799999999999045,0.9067046098185744,3.0,0.8916354938179283
1448,0.4899999999999043,0.902485972856946,3.0,0.88912682213441
1449,0.4999999999999041,0.8982673358953175,3.0,0.8865469646005131
1450,0.5099999999999039,0.8940486989336893,3.0,0.8838980552778282
1451,0.5199999999999037,0.8898300619720609,3.0,0.8811823292318157
1452,0.5299999999999034,0.8856114250104326,3.0,0.8784021103534956
1453,0.5399999999999032,0.8813927880488044,3.0,0.8755597994634519
1454,0.549999999999903,0.8771741510871758,3.0,0.8726578627606563
1455,0.5599999999999028,0.8729555141255478,3.0,0.8696988206695193
1456,0.5699999999999026,0.8687368771639192,3.0,0.8666852371298575
1457,0.5799999999999024,0.8645182402022911,3.0,0.863619709366152
1458,0.5899999999999022,0.8602996032406628,3.0,0.8605048581646808
1459,0.599999999999902,0.8560809662790345,3.0,0.8573433186798598
1460,0.6099999999999017,0.8518623293174061,3.0,0.8541377317844585
1461,0.6199999999999015,0.8476436923557777,3.0,0.8508907359723008
1462,0.6299999999999013,0.8434250553941497,3.0,0.8476049598166133
1463,0.6399999999999011,0.8392064184325213,3.0,0.8442830149823293
1464,0.6499999999999009,0.8349877814708929,3.0,0.8409274897864036
1465,0.6599999999999007,0.8307691445092645,3.0,0.8375409432964966
1466,0.6699999999999005,0.8265505075476364,3.0,0.8341258999552308
1467,0.6799999999999002,0.822331870586008,3.0,0.830684844714572
1468,0.6899999999999,0.8181132336243796,3.0,0.8272202186627067
1469,0.6999999999998998,0.8138945966627514,3.0,0.82373441512404
1470,0.7099999999998996,0.809675959701123,3.0,0.8202297762115716
1471,0.7199999999998994,0.8054573227394947,3.0,0.8167085898099338
1472,0.7299999999998992,0.8012386857778665,3.0,0.8131730869666598
1473,0.739999999999899,0.7970200488162381,3.0,0.8096254396688825
1474,0.7499999999998987,0.79280141185461,3.0,0.8060677589824914
1475,0.7599999999998985,0.7885827748929817,3.0,0.8025020935308491
1476,0.7699999999998983,0.7843641379313532,3.0,0.7989304282904104
1477,0.7799999999998981,0.7801455009697249,3.0,0.7953546836809915
1478,0.7899999999998979,0.7759268640080966,3.0,0.7917767149289634
1479,0.7999999999998977,0.7717082270464682,3.0,0.7881983116822979
1480,0.8099999999998975,0.76748959008484,3.0,0.7846211978570936
1481,0.8199999999998973,0.7632709531232116,3.0,0.7810470316960216
1482,0.829999999999897,0.7590523161615834,3.0,0.7774774060199598
1483,0.8399999999998968,0.754833679199955,3.0,0.7739138486549579
1484,0.8499999999998966,0.7506150422383266,3.0,0.7703578230175745
1485,0.8599999999998964,0.7459670883224687,3.0,0.7668107288425305
1486,0.8699999999998962,0.7412375872443413,3.0,0.7632739030375373
1487,0.879999999999896,0.7365080861662138,3.0,0.7597486206510493
1488,0.8899999999998958,0.7317785850880861,3.0,0.7562360959395864
1489,0.8999999999998956,0.7273170626274847,3.0,0.752737483522135
1490,0.9099999999998952,0.7246035729345729,3.0,0.7492538796099824
1491,0.9199999999998952,0.7209806719392651,3.0,0.7457863233011559
1492,0.9299999999998948,0.7165096732850932,3.0,0.7423357979294303
1493,0.9399999999998948,0.7120386746309214,3.0,0.7389032324586096
1494,0.9499999999998944,0.7075676759767495,3.0,0.7354895029135327
1495,0.9599999999998944,0.7030966773225777,3.0,0.7320954338399155
1496,0.969999999999894,0.698625678668406,3.0,0.7287217997858197
1497,0.9799999999998938,0.6945418701538176,3.0,0.7253693267981349
1498,0.9899999999998936,0.6911926244712026,3.0,0.7220386939280627
1499,0.9999999999998934,0.688020468916597,3.0,0.7187305347401312
1500,1.0099999999998932,0.6848676050202929,3.0,0.7154454388197871
1501,1.019999999999893,0.6817147411239884,3.0,0.712183953275098
1502,1.0299999999998928,0.678561877227684,3.0,0.7089465842285543
1503,1.0399999999998926,0.6754090133313798,3.0,0.705733798295372
1504,1.0499999999998924,0.6722561494350755,3.0,0.7025460240451067
1505,1.059999999999892,0.6691032855387713,3.0,0.6993836534437403
1506,1.069999999999892,0.6659504216424671,3.0,0.6962470432737555
1507,1.0799999999998915,0.6627975577461627,3.0,0.6931365165300136
1508,1.0899999999998915,0.6596446938498586,3.0,0.6900523637895537
1509,1.0999999999998913,0.6564918299535542,3.0,0.6869948445536944
1510,1.109999999999891,0.6533389660572498,3.0,0.683964188561063
1511,1.1199999999998909,0.6501861021609457,3.0,0.6809605970704085
1512,1.1299999999998906,0.6470332382646414,3.0,0.6779842441122599
1513,1.1399999999998904,0.643880374368337,3.0,0.6750352777086817
1514,1.1499999999998902,0.6407275104720329,3.0,0.6721138210605506
1515,1.15999999999989,0.6375746465757285,3.0,0.6692199737019364
1516,1.1699999999998898,0.6344217826794244,3.0,0.6663538126213122
1517,1.1799999999998896,0.6312689187831201,3.0,0.6635153933494511
1518,1.1899999999998894,0.6279345070911181,3.0,0.6607047510139747
1519,1.1999999999998892,0.6245273482121368,3.0,0.6579219013606401
1520,1.209999999999889,0.6211201893331558,3.0,0.6551668417415288
1521,1.2199999999998887,0.6177130304541748,3.0,0.652439552070393
1522,1.2299999999998883,0.6143058715751936,3.0,0.649739995745497
1523,1.2399999999998883,0.6108987126962123,3.0,0.6470681205403388
1524,1.249999999999888,0.6074915538172311,3.0,0.6444238594627174
1525,1.259999999999888,0.6040843949382502,3.0,0.6418071315826381
1526,1.2699999999998877,0.6006772360592688,3.0,0.6392178428296222
1527,1.2799999999998877,0.5972700771802878,3.0,0.6366558867599879
1528,1.2899999999998872,0.5938629183013067,3.0,0.6341211452947402
1529,1.299999999999887,0.5904557594223254,3.0,0.6316134894287018
1530,1.3099999999998868,0.5870486005433444,3.0,0.6291327799115627
1531,1.3199999999998866,0.5836414416643634,3.0,0.6266788679015276
1532,1.3299999999998864,0.5802342827853821,3.0,0.6242515955922685
1533,1.3399999999998862,0.5768271239064009,3.0,0.6218507968138829
1534,1.349999999999886,0.5734199650274198,3.0,0.6194762976085855
1535,1.3599999999998855,0.5700128061484387,3.0,0.6171279167818453
1536,1.3699999999998855,0.5666056472694577,3.0,0.6148054664296982
1537,1.379999999999885,0.5631984883904763,3.0,0.6125087524429514
1538,1.389999999999885,0.5597913295114951,3.0,0.6102375749890028
1539,1.399999999999885,0.5563841706325141,3.0,0.6079917289719833
1540,1.409999999999885,0.5531491498691566,3.0,0.6057710044719378
1541,1.4199999999998845,0.5499316407095541,3.0,0.6035751871637357
1542,1.4299999999998845,0.5467141315499514,3.0,0.6014040587164025
1543,1.439999999999884,0.5434966223903489,3.0,0.599257397173557
1544,1.4499999999998838,0.5405282489065334,3.0,0.5971349773156119
1545,1.4599999999998836,0.5376506719544875,3.0,0.595036571004401
1546,1.4699999999998834,0.5347730950024417,3.0,0.5929619475108722
1547,1.4799999999998832,0.5318955180503958,3.0,0.5909108738264699
1548,1.489999999999883,0.52901794109835,3.0,0.5888831149588303
1549,1.4999999999998828,0.5262418130690412,3.0,0.5868784342123767
1550,1.5099999999998823,0.5235595235276648,3.0,0.5848965934544084
1551,1.5199999999998823,0.5208772339862884,3.0,0.582937353367251
1552,1.529999999999882,0.518194944444912,3.0,0.5810004736870134
1553,1.539999999999882,0.5155126549035357,3.0,0.5790857134295
1554,1.5499999999998817,0.5128303653621593,3.0,0.577192831103796
1555,1.5599999999998817,0.5101480758207829,3.0,0.5753215849140315
1556,1.5699999999998813,0.5074657862794065,3.0,0.5734717329498173
1557,1.579999999999881,0.50478349673803,3.0,0.5716430333658309
1558,1.5899999999998808,0.5021012071966537,3.0,0.5698352445510088
1559,1.5999999999998806,0.4994189176552774,3.0,0.5680481252877971
1560,1.6099999999998804,0.4967366281139012,3.0,0.5662814349018856
1561,1.6199999999998802,0.4940543385725246,3.0,0.5645349334028458
1562,1.62999999999988,0.4913720490311482,3.0,0.562808381616074
1563,1.6399999999998798,0.488689759489772,3.0,0.5611015413064279
1564,1.6499999999998796,0.4860074699483955,3.0,0.559414175293928
1565,1.6599999999998791,0.4833251804070191,3.0,0.5577460475618914
1566,1.6699999999998791,0.4806428908656429,3.0,0.5560969233578353
1567,1.679999999999879,0.4779606013242663,3.0,0.5544665692874968
1568,1.6899999999998787,0.4752783117828898,3.0,0.5528547534022789
1569,1.6999999999998785,0.4725960222415137,3.0,0.5512612452804422
1570,1.7099999999998785,0.4699137327001373,3.0,0.5496858161023344
1571,1.719999999999878,0.4672314431587609,3.0,0.5481282387199464
1572,1.729999999999878,0.4645491536173845,3.0,0.5465882877210678
1573,1.7399999999998776,0.4618668640760082,3.0,0.5450657394883077
1574,1.7499999999998774,0.459184574534632,3.0,0.5435603722532342
1575,1.7599999999998772,0.4565022849932554,3.0,0.5420719661458739
1576,1.769999999999877,0.453819995451879,3.0,0.5406003032398051
1577,1.7799999999998768,0.4511377059105026,3.0,0.5391451675930705
1578,1.7899999999998766,0.4484554163691264,3.0,0.5377063452851203
1579,1.7999999999998764,0.4457731268277501,3.0,0.5362836244499922
1580,1.809999999999876,0.4430908372863735,3.0,0.5348767953059264
1581,1.819999999999876,0.4404085477449974,3.0,0.5334856501816001
1582,1.829999999999876,0.437726258203621,3.0,0.5321099835391658
1583,1.8399999999998755,0.4350439686622445,3.0,0.5307495919942615
1584,1.8499999999998755,0.4323616791208683,3.0,0.5294042743331605
1585,1.859999999999875,0.4296793895794917,3.0,0.5280738315272158
1586,1.8699999999998749,0.4269971000381154,3.0,0.5267580667447528
1587,1.8799999999998749,0.4243148104967389,3.0,0.5254567853605485
1588,1.8899999999998744,0.4216325209553626,3.0,0.5241697949630428
1589,1.8999999999998745,0.4189502314139863,3.0,0.5228969053594033
1590,1.909999999999874,0.4162679418726098,3.0,0.5216379285785742
1591,1.9199999999998736,0.4135843967721401,3.0,0.520392678872432
1592,1.9299999999998736,0.4108983356974111,3.0,0.5191609727151507
1593,1.9399999999998732,0.4082122746226821,3.0,0.517942628800897
1594,1.9499999999998727,0.4055262135479532,3.0,0.5167374680399515
1595,1.959999999999873,0.4028401524732244,3.0,0.5155453135533571
1596,1.9699999999998727,0.4001540913984955,3.0,0.5143659906661876
1597,1.9799999999998723,0.3974680303237666,3.0,0.513199326899527
1598,1.9899999999998723,0.3947819692490378,3.0,0.5120451519612423
1599,1.999999999999872,0.3920959081743089,3.0,0.510903297735634
1600,-1.9900000000000428,0.9211186510180112,4.0,0.8682868868762801
1601,-1.980000000000043,0.919441415470395,4.0,0.8680675031632549
1602,-1.9700000000000435,0.9177641799227793,4.0,0.8678456170212799
1603,-1.9600000000000437,0.9160869443751624,4.0,0.8676211884637547
1604,-1.950000000000044,0.914409708827546,4.0,0.8673941766961581
1605,-1.940000000000044,0.91273247327993,4.0,0.8671645400981264
1606,-1.930000000000044,0.9110552377323134,4.0,0.8669322362051436
1607,-1.9200000000000443,0.9093780021846972,4.0,0.8666972216898486
1608,-1.9100000000000448,0.9077007666370808,4.0,0.8664594523429394
1609,-1.9000000000000448,0.9060235310894644,4.0,0.8662188830536793
1610,-1.890000000000045,0.9043462955418482,4.0,0.8659754677899943
1611,-1.8800000000000447,0.902669059994232,4.0,0.8657291595781552
1612,-1.8700000000000452,0.9009918244466156,4.0,0.8654799104820403
1613,-1.8600000000000456,0.8993145888989993,4.0,0.8652276715819733
1614,-1.8500000000000456,0.8976373533513828,4.0,0.8649723929531296
1615,-1.840000000000046,0.8959601178037668,4.0,0.8647140236435042
1616,-1.8300000000000465,0.8942828822561503,4.0,0.8644525116514418
1617,-1.8200000000000465,0.8933100211015564,4.0,0.864187803902716
1618,-1.810000000000047,0.8931136194723275,4.0,0.8639198462271601
1619,-1.800000000000047,0.8929172178430989,4.0,0.8636485833348397
1620,-1.790000000000047,0.89272081621387,4.0,0.8633739587917674
1621,-1.780000000000047,0.8925244145846412,4.0,0.8630959149951509
1622,-1.7700000000000475,0.8923280129554123,4.0,0.8628143931481763
1623,-1.7600000000000475,0.8921316113261833,4.0,0.8625293332343191
1624,-1.750000000000048,0.8919352096969547,4.0,0.8622406739911812
1625,-1.7400000000000482,0.8917388080677259,4.0,0.8619483528838557
1626,-1.7300000000000484,0.8915424064384971,4.0,0.8616523060778106
1627,-1.7200000000000486,0.8913460048092683,4.0,0.8613524684112956
1628,-1.7100000000000488,0.8911496031800394,4.0,0.8610487733672731
1629,-1.700000000000049,0.8909590481983827,4.0,0.8607411530448636
1630,-1.6900000000000492,0.890772468041165,4.0,0.8604295381303206
1631,-1.6800000000000497,0.8905858878839478,4.0,0.8601138578675243
1632,-1.6700000000000497,0.8903993077267303,4.0,0.8597940400280031
1633,-1.66000000000005,0.8902127275695126,4.0,0.8594700108804855
1634,-1.65000000000005,0.8900261474122952,4.0,0.8591416951599832
1635,-1.6400000000000503,0.8898395672550776,4.0,0.8588090160364175
1636,-1.6300000000000503,0.8893215931425638,4.0,0.8584718950827854
1637,-1.6200000000000507,0.888247100162814,4.0,0.8581302522428856
1638,-1.610000000000051,0.8871726071830645,4.0,0.857784005798601
1639,-1.6000000000000512,0.8860981142033149,4.0,0.8574330723367583
1640,-1.5900000000000514,0.885023621223565,4.0,0.8570773667155683
1641,-1.5800000000000516,0.8839491282438156,4.0,0.8567168020306666
1642,-1.5700000000000518,0.8828746352640657,4.0,0.8563512895807657
1643,-1.560000000000052,0.8818001422843161,4.0,0.8559807388329372
1644,-1.5500000000000522,0.8807256493045666,4.0,0.8556050573875429
1645,-1.5400000000000524,0.8796511563248168,4.0,0.8552241509428352
1646,-1.5300000000000529,0.8785766633450671,4.0,0.8548379232592495
1647,-1.5200000000000529,0.8775021703653175,4.0,0.8544462761234154
1648,-1.510000000000053,0.876427677385568,4.0,0.8540491093119127
1649,-1.5000000000000533,0.8753531844058183,4.0,0.8536463205548049
1650,-1.4900000000000535,0.8742786914260684,4.0,0.8532378054989815
1651,-1.4800000000000535,0.8732041984463191,4.0,0.8528234576713466
1652,-1.470000000000054,0.8721297054665694,4.0,0.8524031684418932
1653,-1.460000000000054,0.8710552124868196,4.0,0.8519768269867068
1654,-1.4500000000000544,0.86998071950707,4.0,0.8515443202509421
1655,-1.4400000000000546,0.8689062265273203,4.0,0.8511055329118262
1656,-1.4300000000000548,0.8678317335475707,4.0,0.8506603473417416
1657,-1.420000000000055,0.8667572405678209,4.0,0.8502086435714461
1658,-1.4100000000000552,0.8656827475880714,4.0,0.8497502992534951
1659,-1.4000000000000554,0.8646082546083218,4.0,0.8492851896259316
1660,-1.3900000000000556,0.8635337616285722,4.0,0.8488131874763187
1661,-1.3800000000000558,0.8624592686488223,4.0,0.8483341631061926
1662,-1.370000000000056,0.8613847756690728,4.0,0.8478479842960163
1663,-1.3600000000000565,0.8603102826893232,4.0,0.8473545162707301
1664,-1.3500000000000565,0.8592357897095735,4.0,0.8468536216659915
1665,-1.3400000000000567,0.8581612967298239,4.0,0.8463451604952031
1666,-1.330000000000057,0.8570868037500744,4.0,0.8458289901174463
1667,-1.3200000000000571,0.8560123107703244,4.0,0.8453049652064296
1668,-1.3100000000000571,0.8549378177905749,4.0,0.8447729377205836
1669,-1.3000000000000576,0.8538633248108249,4.0,0.8442327568744264
1670,-1.2900000000000578,0.8527888318310755,4.0,0.8436842691113497
1671,-1.280000000000058,0.851714338851326,4.0,0.8431273180779685
1672,-1.2700000000000582,0.8506398458715762,4.0,0.8425617446001983
1673,-1.2600000000000584,0.8495653528918266,4.0,0.8419873866612252
1674,-1.2500000000000586,0.8484908599120771,4.0,0.8414040793815538
1675,-1.2400000000000588,0.8474163669323274,4.0,0.8408116550013157
1676,-1.230000000000059,0.8463418739525778,4.0,0.8402099428650475
1677,-1.2200000000000593,0.8452673809728279,4.0,0.8395987694091472
1678,-1.2100000000000597,0.8441928879930782,4.0,0.8389779581522365
1679,-1.2000000000000597,0.8431183950133286,4.0,0.8383473296886654
1680,-1.19000000000006,0.842043902033579,4.0,0.837706701685416
1681,-1.18000000000006,0.8409694090538293,4.0,0.8370558888826636
1682,-1.1700000000000603,0.8398949160740797,4.0,0.8363947030982847
1683,-1.1600000000000603,0.8388204230943299,4.0,0.8357229532365983
1684,-1.1500000000000608,0.8377459301145804,4.0,0.8350404453016615
1685,-1.140000000000061,0.8366714371348309,4.0,0.8343469824154367
1686,-1.1300000000000612,0.8355969441550811,4.0,0.8336423648411837
1687,-1.1200000000000614,0.8345224511753313,4.0,0.8329263900124342
1688,-1.1100000000000616,0.8334479581955818,4.0,0.8321988525679291
1689,-1.1000000000000618,0.8323734652158323,4.0,0.8314595443929176
1690,-1.090000000000062,0.8312989722360825,4.0,0.830708254667238
1691,-1.0800000000000622,0.8302244792563329,4.0,0.8299447699206156
1692,-1.0700000000000625,0.8291499862765832,4.0,0.8291688740956353
1693,-1.060000000000063,0.8280754932968334,4.0,0.8283803486188703
1694,-1.0500000000000629,0.8270010003170839,4.0,0.8275789724806656
1695,-1.040000000000063,0.8259265073373341,4.0,0.8267645223240985
1696,-1.0300000000000633,0.8248520143575846,4.0,0.8259367725436606
1697,-1.0200000000000635,0.823777521377835,4.0,0.8250954953942268
1698,-1.0100000000000635,0.8227030283980853,4.0,0.8242404611109044
1699,-1.000000000000064,0.8216285354183357,4.0,0.8233714380403716
1700,-0.9900000000000642,0.8205540424385859,4.0,0.8224881927843427
1701,-0.9800000000000644,0.8194795494588363,4.0,0.8215904903558187
1702,-0.9700000000000646,0.8184050564790866,4.0,0.8206780943488103
1703,-0.9600000000000648,0.817330563499337,4.0,0.8197507671222328
1704,-0.950000000000065,0.8162560705195872,4.0,0.8188082699987083
1705,-0.9400000000000652,0.8154525256609019,4.0,0.8178503634790212
1706,-0.9300000000000654,0.8147892762567941,4.0,0.8168768074730082
1707,-0.9200000000000657,0.8141260268526865,4.0,0.8158873615476707
1708,-0.910000000000066,0.813462777448579,4.0,0.8148817851933317
1709,-0.9000000000000661,0.8127995280444712,4.0,0.8138598381086691
1710,-0.8900000000000663,0.8119266634221343,4.0,0.8128212805054814
1711,-0.8800000000000665,0.8107311442968635,4.0,0.811765873434056
1712,-0.8700000000000667,0.8095356251715927,4.0,0.8106933791300268
1713,-0.8600000000000669,0.8083401060463219,4.0,0.8096035613836166
1714,-0.8500000000000671,0.8071445869210513,4.0,0.8084961859321809
1715,-0.8400000000000674,0.8059490677957802,4.0,0.8073710208769614
1716,-0.8300000000000676,0.8047535486705097,4.0,0.8062278371249801
1717,-0.8200000000000678,0.8035580295452389,4.0,0.8050664088569911
1718,-0.810000000000068,0.802362510419968,4.0,0.803886514022419
1719,-0.8000000000000682,0.8012482447185842,4.0,0.8026879348621909
1720,-0.7900000000000684,0.8001343032529603,4.0,0.801470458460374
1721,-0.7800000000000686,0.7990203617873359,4.0,0.8002338773255012
1722,-0.7700000000000689,0.7979064203217122,4.0,0.798977990002453
1723,-0.7600000000000691,0.7967924788560881,4.0,0.7977026017157284
1724,-0.7500000000000693,0.7956785373904642,4.0,0.7964075250449165
1725,-0.7400000000000695,0.7945645959248402,4.0,0.7950925806331149
1726,-0.7300000000000697,0.793450654459216,4.0,0.7937575979290133
1727,-0.7200000000000699,0.7923367129935922,4.0,0.7924024159632862
1728,-0.7100000000000701,0.7912227715279682,4.0,0.7910268841598754
1729,-0.7000000000000703,0.790108830062344,4.0,0.7896308631826622
1730,-0.6900000000000706,0.7889948885967201,4.0,0.7882142258179397
1731,-0.6800000000000708,0.7878809471310961,4.0,0.7867768578929906
1732,-0.670000000000071,0.7867670056654719,4.0,0.7853186592309696
1733,-0.6600000000000712,0.7856530641998479,4.0,0.7838395446421461
1734,-0.6500000000000714,0.7845391227342238,4.0,0.782339444951441
1735,-0.6400000000000716,0.7834251812686,4.0,0.7808183080620174
1736,-0.6300000000000718,0.7823112398029759,4.0,0.77927610005452
1737,-0.620000000000072,0.781197298337352,4.0,0.7777128063213686
1738,-0.6100000000000723,0.7800833568717278,4.0,0.7761284327353053
1739,-0.6000000000000725,0.7789694154061038,4.0,0.774523006851163
1740,-0.5900000000000727,0.77785547394048,4.0,0.7728965791395894
1741,-0.5800000000000729,0.7767415324748559,4.0,0.7712492242511929
1742,-0.5700000000000731,0.7756275910092317,4.0,0.7695810423092884
1743,-0.5600000000000733,0.7745136495436077,4.0,0.7678921602291279
1744,-0.5500000000000735,0.7733997080779837,4.0,0.7661827330611646
1745,-0.5400000000000738,0.7722857666123597,4.0,0.7644529453555622
1746,-0.530000000000074,0.7711718251467357,4.0,0.7627030125447805
1747,-0.5200000000000742,0.7700578836811115,4.0,0.7609331823406921
1748,-0.5100000000000744,0.7689439422154878,4.0,0.759143736142261
1749,-0.5000000000000746,0.7678300007498636,4.0,0.7573349904493847
1750,-0.4900000000000748,0.7667160592842398,4.0,0.755507298278043
1751,-0.480000000000075,0.7656021178186156,4.0,0.7536610505714288
1752,-0.4700000000000752,0.7644881763529916,4.0,0.7517966776012266
1753,-0.4600000000000754,0.7633742348873677,4.0,0.7499146503527021
1754,-0.4500000000000757,0.7622602934217435,4.0,0.7480154818867312
1755,-0.4400000000000759,0.7606180913557125,4.0,0.7460997286713476
1756,-0.4300000000000761,0.7586307133304484,4.0,0.7441679918748316
1757,-0.4200000000000763,0.756643335305184,4.0,0.742220918611793
1758,-0.4100000000000765,0.7546559572799199,4.0,0.7402592031331208
1759,-0.4000000000000767,0.7526685792546556,4.0,0.7382835879500992
1760,-0.3900000000000769,0.7506812012293914,4.0,0.7362948648823967
1761,-0.3800000000000771,0.7486938232041271,4.0,0.7342938760190715
1762,-0.3700000000000774,0.7467064451788629,4.0,0.7322815145811642
1763,-0.3600000000000776,0.7447190671535987,4.0,0.7302587256739029
1764,-0.3500000000000778,0.7427316891283346,4.0,0.7282265069160124
1765,-0.340000000000078,0.7407443111030703,4.0,0.7261859089331288
1766,-0.3300000000000782,0.7387569330778061,4.0,0.7241380357018568
1767,-0.3200000000000784,0.7367695550525417,4.0,0.7220840447305866
1768,-0.3100000000000786,0.7347821770272774,4.0,0.7200251470628399
1769,-0.3000000000000788,0.7327947990020132,4.0,0.7179626070886015
1770,-0.2900000000000791,0.730807420976749,4.0,0.7158977421488893
1771,-0.2800000000000793,0.7288200429514847,4.0,0.7138319219186711
1772,-0.2700000000000795,0.7268326649262206,4.0,0.7117665675532057
1773,-0.2600000000000797,0.7248452869009561,4.0,0.709703150582963
1774,-0.2500000000000799,0.7228579088756919,4.0,0.707643191542478
1775,-0.2400000000000801,0.7208705308504277,4.0,0.7055882583188315
1776,-0.2300000000000803,0.7188831528251634,4.0,0.7035399642059437
1777,-0.2200000000000805,0.7168957747998992,4.0,0.7014999656515213
1778,-0.2100000000000808,0.714908396774635,4.0,0.6994699596843403
1779,-0.200000000000081,0.7129210187493706,4.0,0.6974516810105692
1780,-0.1900000000000812,0.7109336407241064,4.0,0.6954468987690873
1781,-0.1800000000000814,0.7089462626988422,4.0,0.6934574129372014
1782,-0.1700000000000816,0.7069588846735779,4.0,0.6914850503798545
1783,-0.1600000000000818,0.7049715066483137,4.0,0.6895316605373593
1784,-0.150000000000082,0.7029841286230495,4.0,0.6875991107488583
1785,-0.1400000000000822,0.7009967505977852,4.0,0.6856892812111556
1786,-0.1300000000000825,0.6990093725725212,4.0,0.6838040595752534
1787,-0.1200000000000827,0.6970219945472567,4.0,0.6819453351858834
1788,-0.1100000000000829,0.6950346165219925,4.0,0.6801149929725204
1789,-0.1000000000000831,0.6930472384967281,4.0,0.6783149070038254
1790,-0.0900000000000833,0.691059860471464,4.0,0.6765469337211274
1791,-0.0800000000000835,0.6890724824461997,4.0,0.6748129048704714
1792,-0.0700000000000837,0.6870851044209355,4.0,0.6731146201568111
1793,-0.0600000000000839,0.685097726395671,4.0,0.6714538396481802
1794,-0.0500000000000842,0.6831103483704069,4.0,0.6698322759620156
1795,-0.0400000000000844,0.6811229703451427,4.0,0.6682515862702313
1796,-0.0300000000000846,0.6791355923198785,4.0,0.6667133641640884
1797,-0.0200000000000848,0.6771482142946141,4.0,0.6652191314243023
1798,-0.010000000000085,0.6751608362693499,4.0,0.6637703297461307
1799,-8.526512829121202e-14,0.6731734582440856,4.0,0.6623683124733091
1800,0.0099999999999145,0.6711860802188215,4.0,0.6610143363985559
1801,0.0199999999999143,0.6691987021935571,4.0,0.6597095536919111
1802,0.029999999999914,0.667211324168293,4.0,0.6584550040212683
1803,0.0399999999999138,0.6652239461430288,4.0,0.6572516069320614
1804,0.0499999999999136,0.6632365681177644,4.0,0.656100154555073
1805,0.0599999999999134,0.6612491900925,4.0,0.6550013047126401
1806,0.0699999999999132,0.659261812067236,4.0,0.653955574494107
1807,0.079999999999913,0.6574867329911508,4.0,0.6529633343710792
1808,0.0899999999999128,0.6568973033531025,4.0,0.6520248029218665
1809,0.0999999999999126,0.6563078737150541,4.0,0.6511400422323657
1810,0.1099999999999123,0.6557184440770057,4.0,0.6503089540374942
1811,0.1199999999999121,0.6551290144389577,4.0,0.6495312766631554
1812,0.1299999999999119,0.6545395848009092,4.0,0.6488065828235323
1813,0.1399999999999117,0.6539501551628609,4.0,0.6481342783223336
1814,0.1499999999999115,0.6533607255248125,4.0,0.6475136016994752
1815,0.1599999999999113,0.6527712958867643,4.0,0.6469436248566102
1816,0.1699999999999111,0.6521818662487159,4.0,0.6464232546860403
1817,0.1799999999999109,0.6515924366106677,4.0,0.6459512357179363
1818,0.1899999999999106,0.6510030069726193,4.0,0.6455261537905697
1819,0.1999999999999104,0.6504135773345708,4.0,0.6451464407376133
1820,0.2099999999999102,0.6493504617929987,4.0,0.6448103800755941
1821,0.21999999999991,0.6480312640293431,4.0,0.644516113663528
1822,0.2299999999999098,0.6467120662656876,4.0,0.6442616492957437
1823,0.2399999999999096,0.645392868502032,4.0,0.6440448691781783
1824,0.2499999999999094,0.6440736707383764,4.0,0.6438635392281139
1825,0.2599999999999092,0.6427544729747209,4.0,0.6437153191276864
1826,0.269999999999909,0.6414352752110655,4.0,0.6435977730526548
1827,0.2799999999999087,0.64011607744741,4.0,0.6435083809900626
1828,0.2899999999999085,0.6390836988858316,4.0,0.6434445505517139
1829,0.2999999999999083,0.6380688157251794,4.0,0.6434036291849069
1830,0.3099999999999081,0.6370539325645271,4.0,0.6433829166777678
1831,0.3199999999999079,0.636039049403875,4.0,0.6433796778538448
1832,0.3299999999999077,0.6350241662432228,4.0,0.6433911553494002
1833,0.3399999999999075,0.6340092830825705,4.0,0.6434145823671149
1834,0.3499999999999073,0.6329943999219184,4.0,0.6434471953016253
1835,0.359999999999907,0.6319795167612662,4.0,0.6434862461354534
1836,0.3699999999999068,0.6309646336006139,4.0,0.6435290145083333
1837,0.3799999999999066,0.6301031379679505,4.0,0.643572819368609
1838,0.3899999999999064,0.629320822113193,4.0,0.6436150301221495
1839,0.3999999999999062,0.6285385062584355,4.0,0.6436530772019237
1840,0.409999999999906,0.6277561904036781,4.0,0.643684461989879
1841,0.4199999999999058,0.6269738745489208,4.0,0.6437067660318647
1842,0.4299999999999055,0.6261915586941633,4.0,0.6437176594958807
1843,0.4399999999999053,0.6254092428394059,4.0,0.6437149088337372
1844,0.4499999999999051,0.6246269269846485,4.0,0.6436963836160845
1845,0.4599999999999049,0.6238446111298911,4.0,0.6436600625205852
1846,0.4699999999999047,0.6230622952751338,4.0,0.6436040384625624
1847,0.4799999999999045,0.6222799794203763,4.0,0.6435265228666565
1848,0.4899999999999043,0.6214976635656188,4.0,0.6434258490867119
1849,0.4999999999999041,0.6207153477108615,4.0,0.6433004749892051
1850,0.5099999999999039,0.6199330318561039,4.0,0.6431489847229203
1851,0.5199999999999037,0.6191507160013466,4.0,0.6429700897042075
1852,0.5299999999999034,0.6183684001465891,4.0,0.6427626288529975
1853,0.5399999999999032,0.6175860842918318,4.0,0.6425255681197237
1854,0.549999999999903,0.6168037684370743,4.0,0.6422579993474595
1855,0.5599999999999028,0.616021452582317,4.0,0.6419591385168739
1856,0.5699999999999026,0.6152391367275596,4.0,0.6416283234240929
1857,0.5799999999999024,0.6144568208728022,4.0,0.6412650108432558
1858,0.5899999999999022,0.6136745050180447,4.0,0.6408687732265074
1859,0.599999999999902,0.6128921891632874,4.0,0.6404392949944312
1860,0.6099999999999017,0.61210987330853,4.0,0.6399763684695701
1861,0.6199999999999015,0.6113275574537725,4.0,0.6394798895047528
1862,0.6299999999999013,0.6099039512639649,4.0,0.6389498528565206
1863,0.6399999999999011,0.6080543623554989,4.0,0.6383863473520992
1864,0.6499999999999009,0.6076991983918184,4.0,0.6377895508961512
1865,0.6599999999999007,0.6076535188350968,4.0,0.6371597253610377
1866,0.6699999999999005,0.6076078392783747,4.0,0.6364972114015962
1867,0.6799999999999002,0.6075621597216528,4.0,0.6358024232325273
1868,0.6899999999999,0.607516480164931,4.0,0.6350758434034851
1869,0.6999999999998998,0.607470800608209,4.0,0.6343180176038818
1870,0.7099999999998996,0.607425121051487,4.0,0.6335295495263356
1871,0.7199999999998994,0.6073794414947652,4.0,0.632711095814614
1872,0.7299999999998992,0.6073337619380432,4.0,0.6318633611189368
1873,0.739999999999899,0.6072880823813214,4.0,0.630987093278566
1874,0.7499999999998987,0.6072424028245995,4.0,0.6300830786488273
1875,0.7599999999998985,0.6074169373065745,4.0,0.6291521375870288
1876,0.7699999999998983,0.6092318963192973,4.0,0.6281951201092258
1877,0.7799999999998981,0.6110468553320197,4.0,0.6272129017274254
1878,0.7899999999998979,0.6130253027644533,4.0,0.6262063794746309
1879,0.7999999999998977,0.6153595825865885,4.0,0.6251764681231162
1880,0.8099999999998975,0.6176938624087237,4.0,0.6241240965994655
1881,0.8199999999998973,0.6200281422308588,4.0,0.6230502045982501
1882,0.829999999999897,0.6223624220529941,4.0,0.6219557393947129
1883,0.8399999999998968,0.6246967018751292,4.0,0.6208416528554838
1884,0.8499999999998966,0.6270309816972641,4.0,0.6197088986451792
1885,0.8599999999998964,0.6293652615193994,4.0,0.6185584296257038
1886,0.8699999999998962,0.6316995413415346,4.0,0.617391195444178
1887,0.879999999999896,0.6340338211636696,4.0,0.6162081403046679
1888,0.8899999999998958,0.6363681009858048,4.0,0.6150102009182536
1889,0.8999999999998956,0.6387023808079398,4.0,0.6137983046254556
1890,0.9099999999998952,0.6410366606300751,4.0,0.6125733676846212
1891,0.9199999999998952,0.6433709404522102,4.0,0.611336293719553
1892,0.9299999999998948,0.6457052202743453,4.0,0.610087972319431
1893,0.9399999999998948,0.6480395000964803,4.0,0.6088292777839094
1894,0.9499999999998944,0.6503737799186154,4.0,0.6075610680061947
1895,0.9599999999998944,0.6527080597407506,4.0,0.6062841834868729
1896,0.969999999999894,0.6550423395628858,4.0,0.604999446471279
1897,0.9799999999998938,0.6573766193850211,4.0,0.6037076602032737
1898,0.9899999999998936,0.6597108992071561,4.0,0.6024096082883993
1899,0.9999999999998934,0.6620451790292912,4.0,0.6011060541595331
1900,1.0099999999998932,0.6643794588514262,4.0,0.5997977406383208
1901,1.019999999999893,0.6652911373010822,4.0,0.5984853895858779
1902,1.0299999999998928,0.6658504500090654,4.0,0.5971697016364453
1903,1.0399999999998926,0.6664097627170483,4.0,0.5958513560079262
1904,1.0499999999998924,0.6669690754250314,4.0,0.5945310103834598
1905,1.059999999999892,0.6675283881330144,4.0,0.5932093008584447
1906,1.069999999999892,0.6680877008409976,4.0,0.5918868419476584
1907,1.0799999999998915,0.6686470135489806,4.0,0.5905642266473955
1908,1.0899999999998915,0.6692063262569636,4.0,0.589242026547784
1909,1.0999999999998913,0.6697656389649468,4.0,0.5879207919907
1910,1.109999999999891,0.6703249516729299,4.0,0.5866010522689482
1911,1.1199999999998909,0.6708842643809129,4.0,0.5852833158626254
1912,1.1299999999998906,0.6714435770888959,4.0,0.5839680707088182
1913,1.1399999999998904,0.6720028897968792,4.0,0.5826557845010262
1914,1.1499999999998902,0.6725622025048619,4.0,0.5813469050149214
1915,1.15999999999989,0.673121515212845,4.0,0.5800418604572852
1916,1.1699999999998898,0.673680827920828,4.0,0.5787410598351621
1917,1.1799999999998896,0.6736784073663975,4.0,0.57744489334248
1918,1.1899999999998894,0.6710725649818318,4.0,0.5761537327615819
1919,1.1999999999998892,0.6684667225972664,4.0,0.5748679318772956
1920,1.209999999999889,0.6658608802127008,4.0,0.5735878269013417
1921,1.2199999999998887,0.6632550378281353,4.0,0.5723137369050599
1922,1.2299999999998883,0.6606491954435698,4.0,0.5710459642585793
1923,1.2399999999998883,0.6580433530590041,4.0,0.5697847950747155
1924,1.249999999999888,0.6554375106744388,4.0,0.5685304996560252
1925,1.259999999999888,0.652831668289873,4.0,0.5672833329435685
1926,1.2699999999998877,0.6502258259053076,4.0,0.5660435349660737
1927,1.2799999999998877,0.647619983520742,4.0,0.5648113312883019
1928,1.2899999999998872,0.6450141411361765,4.0,0.5635869334575331
1929,1.299999999999887,0.6424082987516109,4.0,0.5623705394471935
1930,1.3099999999998868,0.6398024563670455,4.0,0.5611623340967382
1931,1.3199999999998866,0.6371966139824795,4.0,0.5599624895470043
1932,1.3299999999998864,0.6345907715979141,4.0,0.5587711656703269
1933,1.3399999999998862,0.6319849292133485,4.0,0.5575885104947922
1934,1.349999999999886,0.629379086828783,4.0,0.5564146606220735
1935,1.3599999999998855,0.6267732444442173,4.0,0.5552497416383688
1936,1.3699999999998855,0.624167402059652,4.0,0.5540938685180166
1937,1.379999999999885,0.6215615596750864,4.0,0.5529471460194288
1938,1.389999999999885,0.6191164983746004,4.0,0.5518096690730305
1939,1.399999999999885,0.6166763098881918,4.0,0.550681523160949
1940,1.409999999999885,0.6142361214017832,4.0,0.549562784688238
1941,1.4199999999998845,0.6117959329153745,4.0,0.5484535213454691
1942,1.4299999999998845,0.6093557444289661,4.0,0.5473537924625532
1943,1.439999999999884,0.6069155559425575,4.0,0.5462636493536966
1944,1.4499999999998838,0.6044753674561489,4.0,0.5451831356534298
1945,1.4599999999998836,0.6020351789697405,4.0,0.5441122876436685
1946,1.4699999999998834,0.5995949904833318,4.0,0.5430511345717997
1947,1.4799999999998832,0.5971548019969232,4.0,0.5419996989598095
1948,1.489999999999883,0.5947146135105146,4.0,0.5409579969044838
1949,1.4999999999998828,0.5922744250241063,4.0,0.5399260383687474
1950,1.5099999999998823,0.5898342365376976,4.0,0.5389038274642034
1951,1.5199999999998823,0.5873767258050469,4.0,0.5378913627249731
1952,1.529999999999882,0.5848998097921192,4.0,0.5368886373729331
1953,1.539999999999882,0.5824228937791912,4.0,0.5358956395744681
1954,1.5499999999998817,0.5799459777662636,4.0,0.5349123526888657
1955,1.5599999999998817,0.5774690617533358,4.0,0.5339387555084867
1956,1.5699999999998813,0.5749921457404081,4.0,0.532974822490861
1957,1.579999999999881,0.5725152297274801,4.0,0.5320205239828533
1958,1.5899999999998808,0.5700383137145525,4.0,0.531075826437059
1959,1.5999999999998806,0.5675613977016247,4.0,0.5301406926205956
1960,1.6099999999998804,0.5650844816886971,4.0,0.5292150818164489
1961,1.6199999999998802,0.5626075656757694,4.0,0.5282989500175508
1962,1.62999999999988,0.5601306496628418,4.0,0.5273922501137532
1963,1.6399999999998798,0.5576537336499139,4.0,0.5264949320718805
1964,1.6499999999998796,0.5551768176369861,4.0,0.5256069431090254
1965,1.6599999999998791,0.5526999016240586,4.0,0.5247282278592746
1966,1.6699999999998791,0.5502229856111307,4.0,0.523858728534029
1967,1.679999999999879,0.5477460695982029,4.0,0.5229983850761033
1968,1.6899999999998787,0.5452691535852754,4.0,0.5221471353077723
1969,1.6999999999998785,0.5427922375723476,4.0,0.5213049150729407
1970,1.7099999999998785,0.5403153215594197,4.0,0.5204716583736082
1971,1.719999999999878,0.537838405546492,4.0,0.519647297500798
1972,1.729999999999878,0.5353614895335643,4.0,0.5188317631601196
1973,1.7399999999998776,0.5328845735206366,4.0,0.5180249845921265
1974,1.7499999999998774,0.5304076575077088,4.0,0.5172268896876371
1975,1.7599999999998772,0.5279307414947813,4.0,0.516437405098177
1976,1.769999999999877,0.5254538254818533,4.0,0.5156564563417003
1977,1.7799999999998768,0.5229769094689255,4.0,0.5148839679037435
1978,1.7899999999998766,0.520499993455998,4.0,0.5141198633341642
1979,1.7999999999998764,0.5180230774430702,4.0,0.5133640653396172
1980,1.809999999999876,0.5155461614301423,4.0,0.5126164958719037
1981,1.819999999999876,0.5130692454172149,4.0,0.5118770762123441
1982,1.829999999999876,0.510592329404287,4.0,0.5111457270523108
1983,1.8399999999998755,0.5081154133913591,4.0,0.5104223685700511
1984,1.8499999999998755,0.5056384973784316,4.0,0.50970692050394
1985,1.859999999999875,0.5031494185046663,4.0,0.508999302222284
1986,1.8699999999998749,0.5006562092680774,4.0,0.5082994327898054
1987,1.8799999999998749,0.4981630000314887,4.0,0.5076072310309272
1988,1.8899999999998744,0.4956697907948998,4.0,0.5069226155899753
1989,1.8999999999998745,0.4931765815583113,4.0,0.5062455049884155
1990,1.909999999999874,0.4906833723217224,4.0,0.5055758176792347
1991,1.9199999999998736,0.4881901630851339,4.0,0.5049134720985753
1992,1.9299999999998736,0.4856969538485449,4.0,0.5042583867147283
1993,1.9399999999998732,0.4832037446119561,4.0,0.5036104800745859
1994,1.9499999999998727,0.4807105353753674,4.0,0.5029696708476514
1995,1.959999999999873,0.4782173261387785,4.0,0.5023358778677065
1996,1.9699999999998727,0.4757241169021901,4.0,0.5017090201722222
1997,1.9799999999998723,0.4732309076656011,4.0,0.501089017039607
1998,1.9899999999998723,0.4707376984290124,4.0,0.5004757880243785
1999,1.999999999999872,0.4682444891924236,4.0,0.4998692529903424
2000,-1.9900000000000428,0.9669127998133218,5.0,0.9591606431219738
2001,-1.980000000000043,0.9672250828177454,5.0,0.9595535391272636
2002,-1.9700000000000435,0.9675373658221688,5.0,0.9599493462527308
2003,-1.9600000000000437,0.9678496488265924,5.0,0.960348051375935
2004,-1.950000000000044,0.9681619318310158,5.0,0.96074964048533
2005,-1.940000000000044,0.9684742148354396,5.0,0.9611540986540986
2006,-1.930000000000044,0.9687864978398628,5.0,0.9615614100132719
2007,-1.9200000000000443,0.9690987808442864,5.0,0.9619715577241021
2008,-1.9100000000000448,0.96941106384871,5.0,0.9623845239496767
2009,-1.9000000000000448,0.9697233468531334,5.0,0.9628002898257471
2010,-1.890000000000045,0.970035629857557,5.0,0.963218835430759
2011,-1.8800000000000447,0.9703479128619804,5.0,0.9636401397550582
2012,-1.8700000000000452,0.970660195866404,5.0,0.9640641806692514
2013,-1.8600000000000456,0.9709724788708276,5.0,0.9644909348917031
2014,-1.8500000000000456,0.9712847618752508,5.0,0.9649203779551413
2015,-1.840000000000046,0.9715970448796744,5.0,0.9653524841723553
2016,-1.8300000000000465,0.971909327884098,5.0,0.9657872266009578
2017,-1.8200000000000465,0.9722216108885214,5.0,0.9662245770071907
2018,-1.810000000000047,0.972533893892945,5.0,0.9666645058287481
2019,-1.800000000000047,0.9728461768973684,5.0,0.9671069821365927
2020,-1.790000000000047,0.973158459901792,5.0,0.9675519735957483
2021,-1.780000000000047,0.9734707429062156,5.0,0.9679994464250238
2022,-1.7700000000000475,0.9737830259106388,5.0,0.9684493653556676
2023,-1.7600000000000475,0.9740953089150624,5.0,0.9689016935889084
2024,-1.750000000000048,0.974407591919486,5.0,0.9693563927523613
2025,-1.7400000000000482,0.9747198749239095,5.0,0.9698134228552748
2026,-1.7300000000000484,0.9750321579283332,5.0,0.9702727422425887
2027,-1.7200000000000486,0.9753444409327566,5.0,0.9707343075477725
2028,-1.7100000000000488,0.9756567239371802,5.0,0.971198073644424
2029,-1.700000000000049,0.9759690069416036,5.0,0.9716639935965922
2030,-1.6900000000000492,0.9762812899460273,5.0,0.9721320186077973
2031,-1.6800000000000497,0.9765935729504504,5.0,0.9726020979687218
2032,-1.6700000000000497,0.976905855954874,5.0,0.9730741790035412
2033,-1.66000000000005,0.9772181389592977,5.0,0.9735482070148604
2034,-1.65000000000005,0.9775304219637212,5.0,0.974024125227238
2035,-1.6400000000000503,0.9778427049681446,5.0,0.9745018747292495
2036,-1.6300000000000503,0.9781549879725682,5.0,0.974981394414079
2037,-1.6200000000000507,0.9784672709769916,5.0,0.9754626209185946
2038,-1.610000000000051,0.9787795539814153,5.0,0.9759454885608821
2039,-1.6000000000000512,0.9789702426249618,5.0,0.976429929276206
2040,-1.5900000000000514,0.979143904848668,5.0,0.9769158725513679
2041,-1.5800000000000516,0.979317567072374,5.0,0.9774032453574274
2042,-1.5700000000000518,0.9793265067403992,5.0,0.9778919720807603
2043,-1.560000000000052,0.9789389534636612,5.0,0.9783819744524185
2044,-1.5500000000000522,0.9785432246936816,5.0,0.9788731714757641
2045,-1.5400000000000524,0.9781474959237024,5.0,0.9793654793523463
2046,-1.5300000000000529,0.9777517671537233,5.0,0.9798588114059902
2047,-1.5200000000000529,0.977356038383744,5.0,0.980353078005072
2048,-1.510000000000053,0.9769603096137646,5.0,0.9808481864829436
2049,-1.5000000000000533,0.9765645808437852,5.0,0.9813440410564882
2050,-1.4900000000000535,0.9761688520738058,5.0,0.9818405427427692
2051,-1.4800000000000535,0.9758410793079516,5.0,0.9823375892737517
2052,-1.470000000000054,0.975527278006257,5.0,0.9828350750090691
2053,-1.460000000000054,0.9752134767045628,5.0,0.983332890846808
2054,-1.4500000000000544,0.9748996754028684,5.0,0.9838309241322855
2055,-1.4400000000000546,0.9745858741011738,5.0,0.9843290585648032
2056,-1.4300000000000548,0.9742720727994796,5.0,0.9848271741023497
2057,-1.420000000000055,0.9739582714977852,5.0,0.985325146864231
2058,-1.4100000000000552,0.9736444701960908,5.0,0.9858228490316178
2059,-1.4000000000000554,0.973330668894396,5.0,0.9863201487459883
2060,-1.3900000000000556,0.973016867592702,5.0,0.9868169100054501
2061,-1.3800000000000558,0.9727030662910074,5.0,0.9873129925589375
2062,-1.370000000000056,0.9723892649893128,5.0,0.9878082517982683
2063,-1.3600000000000565,0.9720754636876188,5.0,0.988302538648055
2064,-1.3500000000000565,0.9717616623859242,5.0,0.9887956994534726
2065,-1.3400000000000567,0.9714478610842296,5.0,0.9892875758658751
2066,-1.330000000000057,0.9711340597825352,5.0,0.9897780047262722
2067,-1.3200000000000571,0.970820258480841,5.0,0.9902668179466704
2068,-1.3100000000000571,0.9705064571791464,5.0,0.9907538423892921
2069,-1.3000000000000576,0.970192655877452,5.0,0.9912388997436908
2070,-1.2900000000000578,0.9698788545757576,5.0,0.991721806401785
2071,-1.280000000000058,0.9695650532740632,5.0,0.9922023733308383
2072,-1.2700000000000582,0.9692512519723688,5.0,0.9926804059444214
2073,-1.2600000000000584,0.9693545152733944,5.0,0.9931557039713972
2074,-1.2500000000000586,0.9699730408742946,5.0,0.9936280613229779
2075,-1.2400000000000588,0.9705915664751946,5.0,0.9940972659579077
2076,-1.230000000000059,0.9712100920760948,5.0,0.9945630997458423
2077,-1.2200000000000593,0.971828617676995,5.0,0.9950253383289923
2078,-1.2100000000000597,0.9724471432778952,5.0,0.9954837509821183
2079,-1.2000000000000597,0.9730656688787954,5.0,0.9959381004709736
2080,-1.19000000000006,0.9736841944796956,5.0,0.9963881429092982
2081,-1.18000000000006,0.9743027200805956,5.0,0.9968336276144824
2082,-1.1700000000000603,0.974921245681496,5.0,0.9972742969620368
2083,-1.1600000000000603,0.975539771282396,5.0,0.9977098862390119
2084,-1.1500000000000608,0.9761582968832964,5.0,0.9981401234965286
2085,-1.140000000000061,0.9767768224841964,5.0,0.9985647294016039
2086,-1.1300000000000612,0.9773953480850966,5.0,0.998983417088467
2087,-1.1200000000000614,0.9780138736859968,5.0,0.9993958920095806
2088,-1.1100000000000616,0.978632399286897,5.0,0.99980185178661
2089,-1.1000000000000618,0.9792509248877972,5.0,1.0002009860616001
2090,-1.090000000000062,0.9798694504886974,5.0,1.0005929763486443
2091,-1.0800000000000622,0.9804879760895976,5.0,1.000977495886359
2092,-1.0700000000000625,0.9811065016904976,5.0,1.0013542094915053
2093,-1.060000000000063,0.981725027291398,5.0,1.001722773414125
2094,-1.0500000000000629,0.9819698214513616,5.0,1.0020828351946005
2095,-1.040000000000063,0.9819303801101336,5.0,1.002434033523073
2096,-1.0300000000000633,0.981890938768906,5.0,1.002775998101698
2097,-1.0200000000000635,0.9818514974276782,5.0,1.0031083495102575
2098,-1.0100000000000635,0.9818120560864504,5.0,1.0034306990756892
2099,-1.000000000000064,0.9817726147452224,5.0,1.00374264874614
2100,-0.9900000000000642,0.9817331734039948,5.0,1.0040437909702091
2101,-0.9800000000000644,0.9816937320627668,5.0,1.0043337085820885
2102,-0.9700000000000646,0.981654290721539,5.0,1.0046119746933764
2103,-0.9600000000000648,0.9816148493803112,5.0,1.0048781525923973
2104,-0.950000000000065,0.9815754080390832,5.0,1.0051317956519301
2105,-0.9400000000000652,0.9818395251926024,5.0,1.005372447246321
2106,-0.9300000000000654,0.9822517842929906,5.0,1.0055996406790255
2107,-0.9200000000000657,0.982664043393379,5.0,1.0058128991217192
2108,-0.910000000000066,0.983046973191444,5.0,1.0060117355661973
2109,-0.9000000000000661,0.982878901311946,5.0,1.0061956527903722
2110,-0.8900000000000663,0.9827108294324476,5.0,1.0063641433397996
2111,-0.8800000000000665,0.9825427575529496,5.0,1.0065166895262407
2112,-0.8700000000000667,0.9823746856734517,5.0,1.0066527634449174
2113,-0.8600000000000669,0.9822066137939532,5.0,1.0067718270122104
2114,-0.8500000000000671,0.9820385419144552,5.0,1.0068733320257042
2115,-0.8400000000000674,0.9818190765616558,5.0,1.0069567202486047
2116,-0.8300000000000676,0.9811521722301776,5.0,1.0070214235207189
2117,-0.8200000000000678,0.9804852678986992,5.0,1.0070668638983313
2118,-0.810000000000068,0.979818363567221,5.0,1.007092453825493
2119,-0.8000000000000682,0.9791514592357426,5.0,1.0070975963394027
2120,-0.7900000000000684,0.9784845549042642,5.0,1.0070816853127613
2121,-0.7800000000000686,0.977817650572786,5.0,1.007044105736174
2122,-0.7700000000000689,0.9771507462413078,5.0,1.0069842340438853
2123,-0.7600000000000691,0.9764838419098296,5.0,1.00690143848636
2124,-0.7500000000000693,0.9761489829312696,5.0,1.0067950795534577
2125,-0.7400000000000695,0.9758392788579692,5.0,1.006664510452181
2126,-0.7300000000000697,0.9755295747846686,5.0,1.0065090776432668
2127,-0.7200000000000699,0.9752198707113676,5.0,1.006328121441128
2128,-0.7100000000000701,0.9749181137106324,5.0,1.0061209766819597
2129,-0.7000000000000703,0.974994516787762,5.0,1.0058869734651132
2130,-0.6900000000000706,0.9750709198648916,5.0,1.005625437973139
2131,-0.6800000000000708,0.9751473229420212,5.0,1.005335693376236
2132,-0.670000000000071,0.975223726019151,5.0,1.0050170608271534
2133,-0.6600000000000712,0.9753001290962804,5.0,1.0046688605529395
2134,-0.6500000000000714,0.97537653217341,5.0,1.0042904130502766
2135,-0.6400000000000716,0.9755502854279738,5.0,1.0038810403914875
2136,-0.6300000000000718,0.9758128173060964,5.0,1.0034400676486517
2137,-0.620000000000072,0.9760753491842188,5.0,1.0029668244436347
2138,-0.6100000000000723,0.976337881062341,5.0,1.0024606466321846
2139,-0.6000000000000725,0.9766004129404634,5.0,1.0019208781305906
2140,-0.5900000000000727,0.9768629448185856,5.0,1.0013468728937576
2141,-0.5800000000000729,0.977125476696708,5.0,1.0007379970538628
2142,-0.5700000000000731,0.9773880085748304,5.0,1.000093631229076
2143,-0.5600000000000733,0.977661289409046,5.0,0.999413173012109
2144,-0.5500000000000735,0.9782838384244484,5.0,0.9986960396486039
2145,-0.5400000000000738,0.978920474844086,5.0,0.9979416709155906
2146,-0.530000000000074,0.9795571112637238,5.0,0.9971495322103933
2147,-0.5200000000000742,0.9801937476833616,5.0,0.9963191178604741
2148,-0.5100000000000744,0.9808303841029992,5.0,0.9954499546647281
2149,-0.5000000000000746,0.981274549326017,5.0,0.9945416056766843
2150,-0.4900000000000748,0.9814279161031222,5.0,0.9935936742399212
2151,-0.480000000000075,0.9815812828802272,5.0,0.9926058082857253
2152,-0.4700000000000752,0.9817346496573324,5.0,0.9915777049026261
2153,-0.4600000000000754,0.9818880164344376,5.0,0.9905091151868843
2154,-0.4500000000000757,0.9820413832115428,5.0,0.9893998493822862
2155,-0.4400000000000759,0.982194749988648,5.0,0.9882497823166633
2156,-0.4300000000000761,0.9823481167657532,5.0,0.9870588591414364
2157,-0.4200000000000763,0.9825014835428584,5.0,0.9858271013790599
2158,-0.4100000000000765,0.9826548503199636,5.0,0.9845546132816111
2159,-0.4000000000000767,0.9828082170970688,5.0,0.9832415885017612
2160,-0.3900000000000769,0.982961583874174,5.0,0.9818883170750773
2161,-0.3800000000000771,0.9831611531809752,5.0,0.9804951927098948
2162,-0.3700000000000774,0.9833655002791404,5.0,0.9790627203779181
2163,-0.3600000000000776,0.9835698473773056,5.0,0.9775915241951391
2164,-0.3500000000000778,0.9837741944754708,5.0,0.9760823555786439
2165,-0.340000000000078,0.983978541573636,5.0,0.9745361016603
2166,-0.3300000000000782,0.9841828886718011,5.0,0.9729537939331839
2167,-0.3200000000000784,0.9843872357699665,5.0,0.9713366171008765
2168,-0.3100000000000786,0.9845915828681318,5.0,0.9696859180933413
2169,-0.3000000000000788,0.984795929966297,5.0,0.9680032152060439
2170,-0.2900000000000791,0.9850002770644622,5.0,0.9662902073111582
2171,-0.2800000000000793,0.9852046241626272,5.0,0.9645487830811583
2172,-0.2700000000000795,0.9854089712607926,5.0,0.9627810301557705
2173,-0.2600000000000797,0.985613318358958,5.0,0.9609892441731496
2174,-0.2500000000000799,0.9858176654571232,5.0,0.9591759375752156
2175,-0.2400000000000801,0.9860220125552884,5.0,0.9573438480854087
2176,-0.2300000000000803,0.9862263596534536,5.0,0.9554959467446372
2177,-0.2200000000000805,0.9864307067516188,5.0,0.9536354453780337
2178,-0.2100000000000808,0.986635053849784,5.0,0.9517658033513038
2179,-0.200000000000081,0.9868394009479492,5.0,0.9498907334611035
2180,-0.1900000000000812,0.9870437480461144,5.0,0.9480142067891241
2181,-0.1800000000000814,0.9872480951442796,5.0,0.9461404563346041
2182,-0.1700000000000816,0.9874524422424448,5.0,0.9442739792250657
2183,-0.1600000000000818,0.9876567893406102,5.0,0.9424195372904567
2184,-0.150000000000082,0.9878611364387752,5.0,0.940582155772
2185,-0.1400000000000822,0.9880654835369408,5.0,0.9387671199242694
2186,-0.1300000000000825,0.9882698306351058,5.0,0.9369799692579472
2187,-0.1200000000000827,0.9884741777332712,5.0,0.9352264891619043
2188,-0.1100000000000829,0.988678524831436,5.0,0.9335126996374958
2189,-0.1000000000000831,0.9888828719296016,5.0,0.9318448408759884
2190,-0.0900000000000833,0.9890872190277668,5.0,0.9302293554128698
2191,-0.0800000000000835,0.989291566125932,5.0,0.9286728666013382
2192,-0.0700000000000837,0.9894959132240972,5.0,0.9271821531626709
2193,-0.0600000000000839,0.9897002603222624,5.0,0.9257641195945547
2194,-0.0500000000000842,0.9899046074204276,5.0,0.9244257622509678
2195,-0.0400000000000844,0.9901089545185928,5.0,0.9231741309499896
2196,-0.0300000000000846,0.990313301616758,5.0,0.9220162860200153
2197,-0.0200000000000848,0.9905176487149232,5.0,0.9209592507611849
2198,-0.010000000000085,0.9907219958130886,5.0,0.9200099593780405
2199,-8.526512829121202e-14,0.9909263429112536,5.0,0.919175200531868
2200,0.0099999999999145,0.991130690009419,5.0,0.9184615567666827
2201,0.0199999999999143,0.9913350371075842,5.0,0.9178753401807964
2202,0.029999999999914,0.9915393842057496,5.0,0.9174225248449274
2203,0.0399999999999138,0.9917437313039148,5.0,0.9171086766058543
2204,0.0499999999999136,0.99194807840208,5.0,0.9169388810586814
2205,0.0599999999999134,0.9921524255002452,5.0,0.9169176706169855
2206,0.0699999999999132,0.9923567725984104,5.0,0.9170489517537467
2207,0.079999999999913,0.9925611196965756,5.0,0.917335933621326
2208,0.0899999999999128,0.9927654667947408,5.0,0.9177810593794873
2209,0.0999999999999126,0.9929698138929062,5.0,0.918385941659652
2210,0.1099999999999123,0.9931741609910713,5.0,0.9191513036639989
2211,0.1199999999999121,0.9933785080892366,5.0,0.92007692743257
2212,0.1299999999999119,0.993582855187402,5.0,0.9211616108036348
2213,0.1399999999999117,0.993787202285567,5.0,0.9224031345365319
2214,0.1499999999999115,0.993991549383732,5.0,0.9237982409580039
2215,0.1599999999999113,0.9941958964818974,5.0,0.9253426253304019
2216,0.1699999999999111,0.9944002435800628,5.0,0.9270309409234097
2217,0.1799999999999109,0.994604590678228,5.0,0.9288568185029948
2218,0.1899999999999106,0.9948089377763932,5.0,0.9308129006380558
2219,0.1999999999999104,0.9950132848745584,5.0,0.9328908908754006
2220,0.2099999999999102,0.9952176319727236,5.0,0.9350816174587507
2221,0.21999999999991,0.9954219790708888,5.0,0.9373751108810104
2222,0.2299999999999098,0.995626326169054,5.0,0.9397606941764184
2223,0.2399999999999096,0.9958306732672192,5.0,0.9422270844964216
2224,0.2499999999999094,0.9960350203653844,5.0,0.9447625041861154
2225,0.2599999999999092,0.9962393674635496,5.0,0.9473547993016913
2226,0.269999999999909,0.9964189850993902,5.0,0.9499915632962265
2227,0.2799999999999087,0.9965921935858296,5.0,0.9526602634611578
2228,0.2899999999999085,0.9967654020722684,5.0,0.9553483676501571
2229,0.2999999999999083,0.9969386105587078,5.0,0.9580434688331305
2230,0.3099999999999081,0.9971118190451468,5.0,0.9607334051288421
2231,0.3199999999999079,0.997285027531586,5.0,0.9634063731395099
2232,0.3299999999999077,0.997458236018025,5.0,0.9660510326502738
2233,0.3399999999999075,0.997631444504464,5.0,0.9686566010486737
2234,0.3499999999999073,0.9978046529909032,5.0,0.971212936150062
2235,0.359999999999907,0.9979778614773424,5.0,0.9737106064690216
2236,0.3699999999999068,0.9981510699637814,5.0,0.976140948339103
2237,0.3799999999999066,0.9983242784502204,5.0,0.9784961096389543
2238,0.3899999999999064,0.9984974869366596,5.0,0.980769080219115
2239,0.3999999999999062,0.9986706954230988,5.0,0.9829537094294328
2240,0.409999999999906,0.998843903909538,5.0,0.9850447114137236
2241,0.4199999999999058,0.999017112395977,5.0,0.9870376590600275
2242,0.4299999999999055,0.999190320882416,5.0,0.9889289676685062
2243,0.4399999999999053,0.9992834249244772,5.0,0.9907158695238393
2244,0.4499999999999051,0.9993485681131608,5.0,0.9923963806365
2245,0.4599999999999049,0.9994137113018446,5.0,0.9939692609506952
2246,0.4699999999999047,0.9994788544905284,5.0,0.9954339693107738
2247,0.4799999999999045,0.9995439976792124,5.0,0.9967906144380543
2248,0.4899999999999043,0.9996091408678964,5.0,0.9980399031024775
2249,0.4999999999999041,0.99967428405658,5.0,0.9991830865844098
2250,0.5099999999999039,0.999739427245264,5.0,1.0002219064174553
2251,0.5199999999999037,0.9998045704339478,5.0,1.0011585402888628
2252,0.5299999999999034,0.9998697136226316,5.0,1.0019955488551286
2253,0.5399999999999032,0.9999348568113154,5.0,1.002735824111013
2254,0.549999999999903,0.9999999999999992,5.0,1.0033825398339953
2255,0.5599999999999028,1.0000651431886831,5.0,1.0039391045160013
2256,0.5699999999999026,1.0001302863773671,5.0,1.0044091170921203
2257,0.5799999999999024,1.000195429566051,5.0,1.0047963256834314
2258,0.5899999999999022,1.000260572754735,5.0,1.0051045894887567
2259,0.599999999999902,0.9998112356967492,5.0,1.0053378438885536
2260,0.6099999999999017,0.9992264006004008,5.0,1.0055000687630964
2261,0.6199999999999015,0.9986415655040524,5.0,1.0055952599762583
2262,0.6299999999999013,0.998056730407704,5.0,1.0056274039349258
2263,0.6399999999999011,0.9974718953113556,5.0,1.005600455101571
2264,0.6499999999999009,0.9968870602150072,5.0,1.005518316312928
2265,0.6599999999999007,0.9963022251186586,5.0,1.0053848217401018
2266,0.6699999999999005,0.9957173900223102,5.0,1.0052037223138648
2267,0.6799999999999002,0.995132554925962,5.0,1.0049786734324806
2268,0.6899999999999,0.9945477198296137,5.0,1.0047132247672605
2269,0.6999999999998998,0.9939628847332652,5.0,1.0044108119824355
2270,0.7099999999998996,0.9933780496369168,5.0,1.004074750190096
2271,0.7199999999998994,0.992793214540568,5.0,1.0037082289672916
2272,0.7299999999998992,0.99220837944422,5.0,1.0033143087703458
2273,0.739999999999899,0.9916235443478716,5.0,1.002895918590537
2274,0.7499999999998987,0.9909927864018228,5.0,1.0024558547051432
2275,0.7599999999998985,0.9901503150444726,5.0,1.0019967803881282
2276,0.7699999999998983,0.9893078436871228,5.0,1.0015212264551574
2277,0.7799999999998981,0.9884653723297724,5.0,1.001031592527974
2278,0.7899999999998979,0.9876229009724222,5.0,1.0005301489132918
2279,0.7999999999998977,0.985981254102552,5.0,1.000019039001112
2280,0.8099999999998975,0.9842910259468056,5.0,0.9995002820966684
2281,0.8199999999998973,0.9825294915232274,5.0,0.9989757766089941
2282,0.829999999999897,0.9807679570996491,5.0,0.9984473035273251
2283,0.8399999999998968,0.9790064226760712,5.0,0.9979165301242119
2284,0.8499999999998966,0.977244888252493,5.0,0.9973850138312658
2285,0.8599999999998964,0.9754833538289148,5.0,0.9968542062399768
2286,0.8699999999998962,0.9737218194053364,5.0,0.9963254571859432
2287,0.879999999999896,0.9723399451639982,5.0,0.9958000188802753
2288,0.8899999999998958,0.9709725309207112,5.0,0.99527905005679
2289,0.8999999999998956,0.969605116677424,5.0,0.9947636201080365
2290,0.9099999999998952,0.9682377024341372,5.0,0.9942547131871226
2291,0.9199999999998952,0.9668702881908496,5.0,0.9937532322558665
2292,0.9299999999998948,0.9655028739475628,5.0,0.9932600030629308
2293,0.9399999999998948,0.9641354597042756,5.0,0.9927757780384027
2294,0.9499999999998944,0.9627680454609886,5.0,0.992301240093759
2295,0.9599999999998944,0.9614006312177014,5.0,0.99183700631833
2296,0.969999999999894,0.960033216974414,5.0,0.9913836315653064
2297,0.9799999999998938,0.9586658027311272,5.0,0.9909416119219918
2298,0.9899999999998936,0.95729838848784,5.0,0.9905113880604914
2299,0.9999999999998934,0.9559309742445528,5.0,0.9900933484662691
2300,1.0099999999998932,0.954563560001266,5.0,0.9896878325431255
2301,1.019999999999893,0.9531961457579786,5.0,0.9892951335940771
2302,1.0299999999998928,0.9518287315146916,5.0,0.988915501678426
2303,1.0399999999998926,0.9504613172714044,5.0,0.9885491463459976
2304,1.0499999999998924,0.9490939030281172,5.0,0.9881962392500925
2305,1.059999999999892,0.94772648878483,5.0,0.9878569166411868
2306,1.069999999999892,0.9463590745415432,5.0,0.9875312817438042
2307,1.0799999999998915,0.944991660298256,5.0,0.9872194070193148
2308,1.0899999999998915,0.9436242460549688,5.0,0.9869213363176722
2309,1.0999999999998913,0.9422568318116816,5.0,0.9866370869212949
2310,1.109999999999891,0.9408894175683944,5.0,0.9863666514844731
2311,1.1199999999998909,0.9393093100056916,5.0,0.986109999871763
2312,1.1299999999998906,0.937296465314622,5.0,0.9858670808989336
2313,1.1399999999998904,0.9352836206235522,5.0,0.9856378239800606
2314,1.1499999999998902,0.9332707759324824,5.0,0.9854221406843731
2315,1.15999999999989,0.9312579312414128,5.0,0.9852199262064643
2316,1.1699999999998898,0.9292450865503428,5.0,0.985031060753438
2317,1.1799999999998896,0.9272322418592732,5.0,0.9848554108525307
2318,1.1899999999998894,0.9252193971682032,5.0,0.9846928305826783
2319,1.1999999999998892,0.9232065524771336,5.0,0.9845431627334421
2320,1.209999999999889,0.921193707786064,5.0,0.9844062398946165
2321,1.2199999999998887,0.9191802075721068,5.0,0.9842818854797696
2322,1.2299999999998883,0.9166171647062892,5.0,0.9841699146868633
2323,1.2399999999998883,0.9140541218404714,5.0,0.9840701353990146
2324,1.249999999999888,0.9114910789746538,5.0,0.9839823490283472
2325,1.259999999999888,0.9089450379388536,5.0,0.9839063513058063
2326,1.2699999999998877,0.9064645586603544,5.0,0.9838419330196712
2327,1.2799999999998877,0.9039840793818554,5.0,0.9837888807054309
2328,1.2899999999998872,0.9015036001033564,5.0,0.9837469772895653
2329,1.299999999999887,0.8990231208248572,5.0,0.9837160026896754
2330,1.3099999999998868,0.8965426415463581,5.0,0.9836957343733157
2331,1.3199999999998866,0.8940621622678593,5.0,0.9836859478777638
2332,1.3299999999998864,0.8915816829893602,5.0,0.9836864172928828
2333,1.3399999999998862,0.8891012037108611,5.0,0.9836969157091235
2334,1.349999999999886,0.8866207244323622,5.0,0.9837172156326326
2335,1.3599999999998855,0.8841402451538631,5.0,0.9837470893693251
2336,1.3699999999998855,0.8813405440812255,5.0,0.9837863093797127
2337,1.379999999999885,0.878203134632241,5.0,0.9838346486061751
2338,1.389999999999885,0.8750657251832568,5.0,0.9838918807742969
2339,1.399999999999885,0.8719283157342723,5.0,0.9839577806697919
2340,1.409999999999885,0.8687909062852878,5.0,0.9840321243924869
2341,1.4199999999998845,0.8656534968363035,5.0,0.9841146895887378
2342,1.4299999999998845,0.8625160873873192,5.0,0.9842052556635963
2343,1.439999999999884,0.8593786779383347,5.0,0.9843036039739722
2344,1.4499999999998838,0.8562412684893503,5.0,0.9844095180039728
2345,1.4599999999998836,0.8531038590403659,5.0,0.9845227835235363
2346,1.4699999999998834,0.8499664495913813,5.0,0.9846431887314189
2347,1.4799999999998832,0.846829040142397,5.0,0.9847705243835349
2348,1.489999999999883,0.8436916306934127,5.0,0.9849045839076032
2349,1.4999999999998828,0.8405542212444284,5.0,0.985045163504989
2350,1.5099999999998823,0.8374168117954439,5.0,0.9851920622405915
2351,1.5199999999998823,0.8342794023464596,5.0,0.9853450821215772
2352,1.529999999999882,0.8311419928974753,5.0,0.9855040281657061
2353,1.539999999999882,0.8280045834484907,5.0,0.9856687084599732
2354,1.5499999999998817,0.8248671739995063,5.0,0.9858389342102275
2355,1.5599999999998817,0.8217297645505218,5.0,0.9860145197824072
2356,1.5699999999998813,0.8185923551015375,5.0,0.9861952827359798
2357,1.579999999999881,0.815454945652553,5.0,0.9863810438501581
2358,1.5899999999998808,0.8123175362035685,5.0,0.9865716271434113
2359,1.5999999999998806,0.8091801267545843,5.0,0.9867668598867746
2360,1.6099999999998804,0.8060427173055998,5.0,0.986966572611421
2361,1.6199999999998802,0.8029053078566155,5.0,0.9871705991109355
2362,1.62999999999988,0.7997678984076311,5.0,0.987378776438708
2363,1.6399999999998798,0.7966304889586467,5.0,0.9875909449008261
2364,1.6499999999998796,0.7934930795096624,5.0,0.9878069480448367
2365,1.6599999999998791,0.7903556700606781,5.0,0.9880266326447185
2366,1.6699999999998791,0.7872182606116935,5.0,0.9882498486823803
2367,1.679999999999879,0.784080851162709,5.0,0.9884764493259918
2368,1.6899999999998787,0.7809434417137247,5.0,0.9887062909054212
2369,1.6999999999998785,0.7778060322647405,5.0,0.9889392328850516
2370,1.7099999999998785,0.7746686228157561,5.0,0.9891751378342117
2371,1.719999999999878,0.7715312133667713,5.0,0.9894138713954603
2372,1.729999999999878,0.7683938039177872,5.0,0.9896553022509368
2373,1.7399999999998776,0.7652563944688028,5.0,0.9898993020869764
2374,1.7499999999998774,0.7621189850198183,5.0,0.9901457455571809
2375,1.7599999999998772,0.758981575570834,5.0,0.9903945102441204
2376,1.769999999999877,0.7558441661218496,5.0,0.9906454766198269
2377,1.7799999999998768,0.7527067566728652,5.0,0.9908985280052325
2378,1.7899999999998766,0.7495693472238807,5.0,0.9911535505286956
2379,1.7999999999998764,0.7464319377748962,5.0,0.9914104330837464
2380,1.809999999999876,0.7432945283259119,5.0,0.9916690672861708
2381,1.819999999999876,0.7401571188769274,5.0,0.9919293474305508
2382,1.829999999999876,0.737019709427943,5.0,0.9921911704463646
2383,1.8399999999998755,0.7338822999789587,5.0,0.9924544358537443
2384,1.8499999999998755,0.7307448905299745,5.0,0.9927190457189803
2385,1.859999999999875,0.7276074810809898,5.0,0.9929849046098609
2386,1.8699999999998749,0.7244700716320055,5.0,0.9932519195509166
2387,1.8799999999998749,0.7213326621830213,5.0,0.9935199999786478
2388,1.8899999999998744,0.718195252734037,5.0,0.9937890576967967
2389,1.8999999999998745,0.7150460453990158,5.0,0.994059006831724
2390,1.909999999999874,0.7118861194452566,5.0,0.9943297637879498
2391,1.9199999999998736,0.7087261934914972,5.0,0.9946012472039054
2392,1.9299999999998736,0.7055662675377382,5.0,0.994873377907941
2393,1.9399999999998732,0.702406341583979,5.0,0.9951460788746378
2394,1.9499999999998727,0.6992464156302197,5.0,0.9954192751814571
2395,1.959999999999873,0.6960864896764606,5.0,0.9956928939657634
2396,1.9699999999998727,0.6929265637227014,5.0,0.9959668643822556
2397,1.9799999999998723,0.6897666377689421,5.0,0.9962411175608276
2398,1.9899999999998723,0.6866067118151828,5.0,0.9965155865648957
2399,1.999999999999872,0.6834467858614236,5.0,0.9967902063502021
2400,-1.9900000000000428,0.0004737806684385,6.0,-0.07287541600718615
2401,-1.980000000000043,0.000947561336876,6.0,-0.06978660787764139
2402,-1.9700000000000435,0.0014213420053133,6.0,-0.06668884959777624
2403,-1.9600000000000437,0.0018951226737509,6.0,-0.06358229229077596
2404,-1.950000000000044,0.0023689033421882,6.0,-0.060467091186036506
2405,-1.940000000000044,0.0028426840106257,6.0,-0.057343405653668494
2406,-1.930000000000044,0.0033164646790632,6.0,-0.05421139923771441
2407,-1.9200000000000443,0.003783394465156,6.0,-0.05107123968802574
2408,-1.9100000000000448,0.0042100555504961,6.0,-0.047923098990734644
2409,-1.9000000000000448,0.0046367166358363,6.0,-0.04476715339725468
2410,-1.890000000000045,0.0050633777211763,6.0,-0.04160358345174549
2411,-1.8800000000000447,0.0054900388065164,6.0,-0.038432574016978055
2412,-1.8700000000000452,0.0059166998918566,6.0,-0.03525431429853075
2413,-1.8600000000000456,0.0063433609771966,6.0,-0.03206899786725391
2414,-1.8500000000000456,0.0067700220625367,6.0,-0.028876822679931288
2415,-1.840000000000046,0.007196683147877,6.0,-0.02567799109807678
2416,-1.8300000000000465,0.007623344233217,6.0,-0.022472709904789362
2417,-1.8200000000000465,0.0080500053185572,6.0,-0.019261190319612653
2418,-1.810000000000047,0.0084766664038973,6.0,-0.01604364801131411
2419,-1.800000000000047,0.0089033274892374,6.0,-0.012820303108530218
2420,-1.790000000000047,0.0093299885745774,6.0,-0.009591380208200495
2421,-1.780000000000047,0.0097566496599176,6.0,-0.006357108381727455
2422,-1.7700000000000475,0.0101833107452577,6.0,-0.00311772117879186
2423,-1.7600000000000475,0.0106099718305979,6.0,0.00012654337124334836
2424,-1.750000000000048,0.011036632915938,6.0,0.003375442760406744
2425,-1.7400000000000482,0.0114632940012781,6.0,0.006628730005738492
2426,-1.7300000000000484,0.0118899550866182,6.0,0.009886153655520202
2427,-1.7200000000000486,0.0142948421515493,6.0,0.013147457798181772
2428,-1.7100000000000488,0.0191300693994373,6.0,0.016412382073951626
2429,-1.700000000000049,0.0239652966473253,6.0,0.019680661689309348
2430,-1.6900000000000492,0.0288005238952131,6.0,0.022952027434309324
2431,-1.6800000000000497,0.0336357511431011,6.0,0.026226205702833683
2432,-1.6700000000000497,0.0384709783909891,6.0,0.02950291851583739
2433,-1.66000000000005,0.0433062056388771,6.0,0.03278188354764308
2434,-1.65000000000005,0.0481414328867651,6.0,0.03606281415534843
2435,-1.6400000000000503,0.052976660134653,6.0,0.039345419411396326
2436,-1.6300000000000503,0.0578118873825409,6.0,0.04262940413937108
2437,-1.6200000000000507,0.0626471146304289,6.0,0.04591446895306775
2438,-1.610000000000051,0.0674823418783168,6.0,0.04920031029889249
2439,-1.6000000000000512,0.0723175691262048,6.0,0.052486620501640074
2440,-1.5900000000000514,0.0771527963740928,6.0,0.055773087813701466
2441,-1.5800000000000516,0.0819310548551861,6.0,0.05905939646774433
2442,-1.5700000000000518,0.0856241318972974,6.0,0.062345226732915315
2443,-1.560000000000052,0.0893172089394087,6.0,0.06563025497460293
2444,-1.5500000000000522,0.09301028598152,6.0,0.06891415371780585
2445,-1.5400000000000524,0.0967033630236311,6.0,0.07219659171414317
2446,-1.5300000000000529,0.1003964400657422,6.0,0.07547723401254008
2447,-1.5200000000000529,0.1040895171078535,6.0,0.0787557420336309
2448,-1.510000000000053,0.1077825941499648,6.0,0.08203177364790165
2449,-1.5000000000000533,0.111475671192076,6.0,0.08530498325760874
2450,-1.4900000000000535,0.115168748234187,6.0,0.08857502188249733
2451,-1.4800000000000535,0.1188618252762983,6.0,0.09184153724934307
2452,-1.470000000000054,0.1225549023184097,6.0,0.09510417388534287
2453,-1.460000000000054,0.1262479793605209,6.0,0.09836257321536945
2454,-1.4500000000000544,0.129941056402632,6.0,0.10161637366310916
2455,-1.4400000000000546,0.1336341334447432,6.0,0.10486521075609853
2456,-1.4300000000000548,0.1373272104868546,6.0,0.10810871723466828
2457,-1.420000000000055,0.1410202875289657,6.0,0.11134652316480548
2458,-1.4100000000000552,0.1447133645710769,6.0,0.11457825605494229
2459,-1.4000000000000554,0.1484064416131881,6.0,0.11780354097667389
2460,-1.3900000000000556,0.1520995186552995,6.0,0.1210220006894058
2461,-1.3800000000000558,0.1557925956974107,6.0,0.12423325576893438
2462,-1.370000000000056,0.1594856727395218,6.0,0.12743692473995658
2463,-1.3600000000000565,0.163178749781633,6.0,0.13063262421249724
2464,-1.3500000000000565,0.1668718268237442,6.0,0.1338199690222571
2465,-1.3400000000000567,0.1705649038658554,6.0,0.13699857237486449
2466,-1.330000000000057,0.1742579809079667,6.0,0.1401680459940199
2467,-1.3200000000000571,0.1779510579500779,6.0,0.14332800027352352
2468,-1.3100000000000571,0.1816441349921893,6.0,0.14647804443316562
2469,-1.3000000000000576,0.1853372120343003,6.0,0.14961778667846334
2470,-1.2900000000000578,0.1890302890764117,6.0,0.15274683436422856
2471,-1.280000000000058,0.1927233661185229,6.0,0.15586479416193763
2472,-1.2700000000000582,0.1964164431606341,6.0,0.15897127223089078
2473,-1.2600000000000584,0.2001095202027452,6.0,0.1620658743931274
2474,-1.2500000000000586,0.2037676737271777,6.0,0.16514820631207947
2475,-1.2400000000000588,0.2061878228644079,6.0,0.1682178736749327
2476,-1.230000000000059,0.208607972001638,6.0,0.17127448237866758
2477,-1.2200000000000593,0.2110281211388683,6.0,0.17431763871975411
2478,-1.2100000000000597,0.2134482702760984,6.0,0.17734694958746974
2479,-1.2000000000000597,0.2158684194133286,6.0,0.1803620226608064
2480,-1.19000000000006,0.2182885685505587,6.0,0.1833624666089441
2481,-1.18000000000006,0.220708717687789,6.0,0.18634789129524856
2482,-1.1700000000000603,0.2231288668250192,6.0,0.1893179079847699
2483,-1.1600000000000603,0.2253331427549365,6.0,0.19227212955520476
2484,-1.1500000000000608,0.2275248811725281,6.0,0.1952101707112874
2485,-1.140000000000061,0.2297166195901195,6.0,0.19813164820258403
2486,-1.1300000000000612,0.2319083580077109,6.0,0.20103618104464463
2487,-1.1200000000000614,0.2341000964253025,6.0,0.2039233907434885
2488,-1.1100000000000616,0.2362918348428941,6.0,0.20679290152338295
2489,-1.1000000000000618,0.2384835732604854,6.0,0.20964434055788314
2490,-1.090000000000062,0.240675311678077,6.0,0.21247733820409484
2491,-1.0800000000000622,0.2443254851403482,6.0,0.2152915282401275
2492,-1.0700000000000625,0.248069775981255,6.0,0.21808654810569925
2493,-1.060000000000063,0.2518140668221618,6.0,0.22086203914585464
2494,-1.0500000000000629,0.2542314665130617,6.0,0.22361764685776078
2495,-1.040000000000063,0.2558980259893849,6.0,0.22635302114054054
2496,-1.0300000000000633,0.2575645854657083,6.0,0.22906781654810074
2497,-1.0200000000000635,0.2592311449420316,6.0,0.23176169254491488
2498,-1.0100000000000635,0.2608977044183549,6.0,0.234434313764715
2499,-1.000000000000064,0.2625642638946782,6.0,0.23708535027204478
2500,-0.9900000000000642,0.2642308233710015,6.0,0.23971447782662528
2501,-0.9800000000000644,0.2658973828473249,6.0,0.24232137815048096
2502,-0.9700000000000646,0.2675639423236483,6.0,0.2449057391977629
2503,-0.9600000000000648,0.2692305017999715,6.0,0.24746725542721812
2504,-0.950000000000065,0.270897061276295,6.0,0.2500056280772276
2505,-0.9400000000000652,0.2725636207526182,6.0,0.2525205654433452
2506,-0.9300000000000654,0.2742301802289417,6.0,0.25501178315825834
2507,-0.9200000000000657,0.275896739705265,6.0,0.2574790044740808
2508,-0.910000000000066,0.2775632991815883,6.0,0.2599219605468842
2509,-0.9000000000000661,0.2792298586579116,6.0,0.2623403907233599
2510,-0.8900000000000663,0.2808964181342347,6.0,0.26473404282949997
2511,-0.8800000000000665,0.2825629776105583,6.0,0.26710267346116223
2512,-0.8700000000000667,0.2842295370868817,6.0,0.26944604827638585
2513,-0.8600000000000669,0.285896096563205,6.0,0.27176394228929623
2514,-0.8500000000000671,0.2875626560395281,6.0,0.27405614016543245
2515,-0.8400000000000674,0.2892292155158515,6.0,0.27632243651830135
2516,-0.8300000000000676,0.2908957749921748,6.0,0.2785626362069604
2517,-0.8200000000000678,0.2925623344684983,6.0,0.28077655463439133
2518,-0.810000000000068,0.2942288939448216,6.0,0.2829640180464186
2519,-0.8000000000000682,0.2958954534211451,6.0,0.2851248638308973
2520,-0.7900000000000684,0.2975620128974682,6.0,0.28725894081686565
2521,-0.7800000000000686,0.2992285723737916,6.0,0.2893661095733381
2522,-0.7700000000000689,0.300895131850115,6.0,0.2914462427073722
2523,-0.7600000000000691,0.3025616913264382,6.0,0.29349922516102334
2524,-0.7500000000000693,0.3042282508027615,6.0,0.29552495450675575
2525,-0.7400000000000695,0.305894810279085,6.0,0.2975233412408481
2526,-0.7300000000000697,0.3075613697554082,6.0,0.2994943090742921
2527,-0.7200000000000699,0.3092279292317317,6.0,0.3014377952206344
2528,-0.7100000000000701,0.3108944887080549,6.0,0.3033537506801822
2529,-0.7000000000000703,0.3125610481843782,6.0,0.3052421405199297
2530,-0.6900000000000706,0.3142276076607015,6.0,0.30710294414852646
2531,-0.6800000000000708,0.3158941671370249,6.0,0.30893615558555776
2532,-0.670000000000071,0.3175607266133482,6.0,0.3107417837243377
2533,-0.6600000000000712,0.3192272860896715,6.0,0.3125198525873889
2534,-0.6500000000000714,0.3208938455659949,6.0,0.3142704015736979
2535,-0.6400000000000716,0.3225604050423182,6.0,0.31599348569678753
2536,-0.6300000000000718,0.3242269645186417,6.0,0.31768917581258926
2537,-0.620000000000072,0.3258935239949647,6.0,0.3193575588360289
2538,-0.6100000000000723,0.327560083471288,6.0,0.32099873794517775
2539,-0.6000000000000725,0.3292266429476116,6.0,0.32261283277174746
2540,-0.5900000000000727,0.3308932024239349,6.0,0.3241999795766596
2541,-0.5800000000000729,0.3325597619002581,6.0,0.3257603314093247
2542,-0.5700000000000731,0.3342263213765815,6.0,0.327294058249223
2543,-0.5600000000000733,0.3358928808529049,6.0,0.3288013471282937
2544,-0.5500000000000735,0.3375594403292282,6.0,0.3302824022325854
2545,-0.5400000000000738,0.3392259998055514,6.0,0.33173744498153945
2546,-0.530000000000074,0.3408925592818749,6.0,0.3331667140832304
2547,-0.5200000000000742,0.3425591187581979,6.0,0.33457046556380543
2548,-0.5100000000000744,0.3442256782345216,6.0,0.3359489727693288
2549,-0.5000000000000746,0.3458922377108448,6.0,0.33730252633815794
2550,-0.4900000000000748,0.3475587971871681,6.0,0.3386314341419431
2551,-0.480000000000075,0.3492253566634914,6.0,0.33993602119329747
2552,-0.4700000000000752,0.3508919161398146,6.0,0.3412166295181309
2553,-0.4600000000000754,0.3525584756161379,6.0,0.34247361799063003
2554,-0.4500000000000757,0.3542250350924615,6.0,0.34370736212882924
2555,-0.4400000000000759,0.3558915945687846,6.0,0.34491825384871444
2556,-0.4300000000000761,0.3575581540451082,6.0,0.3461067011747935
2557,-0.4200000000000763,0.3592247135214313,6.0,0.34727312790509013
2558,-0.4100000000000765,0.360891272997755,6.0,0.3484179732285262
2559,-0.4000000000000767,0.362557832474078,6.0,0.3495416912927197
2560,-0.3900000000000769,0.3642243919504012,6.0,0.3506447507202609
2561,-0.3800000000000771,0.3658909514267248,6.0,0.35172763407162533
2562,-0.3700000000000774,0.367557510903048,6.0,0.35279083725296534
2563,-0.3600000000000776,0.3692240703793716,6.0,0.35383486886713944
2564,-0.3500000000000778,0.3708906298556949,6.0,0.35486024950648587
2565,-0.340000000000078,0.372557189332018,6.0,0.3558675109860001
2566,-0.3300000000000782,0.3742237488083414,6.0,0.3568571955157709
2567,-0.3200000000000784,0.3758903082846649,6.0,0.35782985481174134
2568,-0.3100000000000786,0.3775568677609882,6.0,0.3587860491441035
2569,-0.3000000000000788,0.3792234272373113,6.0,0.3597263463229071
2570,-0.2900000000000791,0.3808899867136345,6.0,0.360651320620757
2571,-0.2800000000000793,0.382556546189958,6.0,0.36156155163281223
2572,-0.2700000000000795,0.3842231056662814,6.0,0.3624576230746448
2573,-0.2600000000000797,0.3858896651426048,6.0,0.3633401215189168
2574,-0.2500000000000799,0.3875562246189282,6.0,0.36420963507223747
2575,-0.2400000000000801,0.3892227840952514,6.0,0.36506675199401983
2576,-0.2300000000000803,0.3908893435715746,6.0,0.36591205925961545
2577,-0.2200000000000805,0.3925559030478979,6.0,0.3667461410705076
2578,-0.2100000000000808,0.3942224625242214,6.0,0.3675695773148624
2579,-0.200000000000081,0.3958052262519516,6.0,0.36838294198226995
2580,-0.1900000000000812,0.3971991454853371,6.0,0.3691868015370702
2581,-0.1800000000000814,0.3985930647187224,6.0,0.3699817132552152
2582,-0.1700000000000816,0.3999869839521083,6.0,0.3707682235302021
2583,-0.1600000000000818,0.4013809031854937,6.0,0.37154686615418875
2584,-0.150000000000082,0.4027510424960717,6.0,0.37231816058097256
2585,-0.1400000000000822,0.4041105634994237,6.0,0.3730826101780864
2586,-0.1300000000000825,0.4054022588380538,6.0,0.3738407004758134
2587,-0.1200000000000827,0.4059263387042503,6.0,0.3745928974214502
2588,-0.1100000000000829,0.406450418570447,6.0,0.3753396456476443
2589,-0.1000000000000831,0.4069744984366436,6.0,0.37608136676409776
2590,-0.0900000000000833,0.4074985783028402,6.0,0.3768184576823316
2591,-0.0800000000000835,0.4075819654048832,6.0,0.3775512889835766
2592,-0.0700000000000837,0.4076319176382573,6.0,0.378280203340143
2593,-0.0600000000000839,0.4076818698716315,6.0,0.3790055140008498
2594,-0.0500000000000842,0.4077318221050054,6.0,0.3797275033512463
2595,-0.0400000000000844,0.4077817743383797,6.0,0.3804464215594111
2596,-0.0300000000000846,0.4078317265717537,6.0,0.3811624853180857
2597,-0.0200000000000848,0.4078816788051276,6.0,0.381875876693773
2598,-0.010000000000085,0.4079316310385017,6.0,0.3825867420931851
2599,-8.526512829121202e-14,0.4079815832718755,6.0,0.3832951913570939
2600,0.0099999999999145,0.4080315355052499,6.0,0.3840012969911687
2601,0.0199999999999143,0.4080814877386238,6.0,0.3847050935428359
2602,0.029999999999914,0.4081314399719977,6.0,0.3854065771324964
2603,0.0399999999999138,0.408181392205372,6.0,0.386105705146656
2604,0.0499999999999136,0.408231344438746,6.0,0.38680239609962597
2605,0.0599999999999134,0.4082812966721201,6.0,0.38749652966943693
2606,0.0699999999999132,0.408331248905494,6.0,0.38818794691252856
2607,0.079999999999913,0.4083812011388681,6.0,0.38887645066057075
2608,0.0899999999999128,0.4084311533722424,6.0,0.38956180610152513
2609,0.0999999999999126,0.4084811056056161,6.0,0.3902437415457156
2610,0.1099999999999123,0.4085310578389903,6.0,0.39092194937630287
2611,0.1199999999999121,0.4085810100723642,6.0,0.39159608718213057
2612,0.1299999999999119,0.4086309623057385,6.0,0.3922657790694716
2613,0.1399999999999117,0.4086809145391124,6.0,0.3929306171477619
2614,0.1499999999999115,0.4087308667724864,6.0,0.393590163182968
2615,0.1599999999999113,0.4087808190058607,6.0,0.3942439504108297
2616,0.1699999999999111,0.4088307712392345,6.0,0.39489148550086706
2617,0.1799999999999109,0.4088807234726085,6.0,0.3955322506607456
2618,0.1899999999999106,0.4089306757059827,6.0,0.3961657058693795
2619,0.1999999999999104,0.4089806279393571,6.0,0.39679129122604884
2620,0.2099999999999102,0.4090305801727308,6.0,0.39740842940180154
2621,0.21999999999991,0.4090805324061048,6.0,0.3980165281785333
2622,0.2299999999999098,0.4091304846394789,6.0,0.39861498306041654
2623,0.2399999999999096,0.4091804368728529,6.0,0.39920317994175125
2624,0.2499999999999094,0.4092303891062273,6.0,0.3997804978148767
2625,0.2599999999999092,0.4092803413396012,6.0,0.4003463115015202
2626,0.269999999999909,0.4093302935729752,6.0,0.40089999439084745
2627,0.2799999999999087,0.4093802458063492,6.0,0.40144092116752517
2628,0.2899999999999085,0.4094301980397231,6.0,0.4019684705133427
2629,0.2999999999999083,0.4094801502730974,6.0,0.40248202776629827
2630,0.3099999999999081,0.4095301025064714,6.0,0.40298098752158995
2631,0.3199999999999079,0.4095800547398453,6.0,0.40346475615962574
2632,0.3299999999999077,0.4096300069732195,6.0,0.40393275428695896
2633,0.3399999999999075,0.4096799592065935,6.0,0.4043844190769855
2634,0.3499999999999073,0.4097299114399677,6.0,0.4048192064982681
2635,0.359999999999907,0.4097798636733417,6.0,0.40523659341946616
2636,0.3699999999999068,0.4098298159067154,6.0,0.4056360795810521
2637,0.3799999999999066,0.4098797681400896,6.0,0.40601718942525156
2638,0.3899999999999064,0.4099297203734638,6.0,0.4063794737769363
2639,0.3999999999999062,0.4099796726068381,6.0,0.4067225113695283
2640,0.409999999999906,0.4100296248402119,6.0,0.4070459102113101
2641,0.4199999999999058,0.410079577073586,6.0,0.407349308788858
2642,0.4299999999999055,0.4101295293069601,6.0,0.4076323771056307
2643,0.4399999999999053,0.410179481540334,6.0,0.4078948175550141
2644,0.4499999999999051,0.4102294337737078,6.0,0.40813636562835054
2645,0.4599999999999049,0.4102793860070821,6.0,0.40835679045964757
2646,0.4699999999999047,0.410329338240456,6.0,0.4085558952097589
2647,0.4799999999999045,0.4103792904738303,6.0,0.4087335172938501
2648,0.4899999999999043,0.4104292427072044,6.0,0.4088895284568923
2649,0.4999999999999041,0.4104791949405785,6.0,0.40902383470278303
2650,0.5099999999999039,0.4105291471739525,6.0,0.4091363760834317
2651,0.5199999999999037,0.4105790994073265,6.0,0.4092271263548072
2652,0.5299999999999034,0.4106290516407005,6.0,0.4092960925075041
2653,0.5399999999999032,0.4106790038740744,6.0,0.4093433141798375
2654,0.549999999999903,0.4107289561074488,6.0,0.4093688629618456
2655,0.5599999999999028,0.4107789083408227,6.0,0.4093728415988467
2656,0.5699999999999026,0.4108288605741969,6.0,0.40935538310337827
2657,0.5799999999999024,0.4108788128075712,6.0,0.4093166497844456
2658,0.5899999999999022,0.4109287650409446,6.0,0.409256832203024
2659,0.599999999999902,0.4109787172743189,6.0,0.40917614806269187
2660,0.6099999999999017,0.411028669507693,6.0,0.40907484104416403
2661,0.6199999999999015,0.4110786217410671,6.0,0.4089531795922946
2662,0.6299999999999013,0.411128573974441,6.0,0.4088114556638811
2663,0.6399999999999011,0.4111785262078153,6.0,0.40864998344431747
2664,0.6499999999999009,0.4112284784411891,6.0,0.4084690980408069
2665,0.6599999999999007,0.4112784306745632,6.0,0.4082691541594857
2666,0.6699999999999005,0.4113283829079373,6.0,0.40805052477341486
2667,0.6799999999999002,0.4113783351413112,6.0,0.4078135997879768
2668,0.6899999999999,0.4114282873746854,6.0,0.40755878470979434
2669,0.6999999999998998,0.4114782396080593,6.0,0.40728649932483063
2670,0.7099999999998996,0.4115281918414336,6.0,0.4069971763908934
2671,0.7199999999998994,0.4115781440748074,6.0,0.40669126034931247
2672,0.7299999999998992,0.4116280963081818,6.0,0.4063692060601086
2673,0.739999999999899,0.4116780485415557,6.0,0.4060314775645356
2674,0.7499999999998987,0.4117280007749297,6.0,0.40567854687844696
2675,0.7599999999998985,0.4117779530083036,6.0,0.40531089281951116
2676,0.7699999999998983,0.4118279052416778,6.0,0.40492899987090925
2677,0.7799999999998981,0.4118778574750518,6.0,0.4045333570837494
2678,0.7899999999998979,0.411927809708426,6.0,0.4041244570200686
2679,0.7999999999998977,0.4119777619417999,6.0,0.4037027947379469
2680,0.8099999999998975,0.4120277141751741,6.0,0.4032688668199226
2681,0.8199999999998973,0.4120776664085482,6.0,0.4028231704455971
2682,0.829999999999897,0.4121276186419223,6.0,0.40236620250903066
2683,0.8399999999998968,0.4121775708752962,6.0,0.40189845878126096
2684,0.8499999999998966,0.4122275231086703,6.0,0.40142043311804554
2685,0.8599999999998964,0.4122774753420444,6.0,0.40093261671269265
2686,0.8699999999998962,0.4123274275754184,6.0,0.40043549739366036
2687,0.879999999999896,0.412651166202292,6.0,0.3999295589664087
2688,0.8899999999998958,0.413987533874557,6.0,0.3994152805988428
2689,0.8999999999998956,0.4153239015468223,6.0,0.3988931362495325
2690,0.9099999999998952,0.4166602692190872,6.0,0.39836359413776634
2691,0.9199999999998952,0.4179966368913523,6.0,0.3978271162544108
2692,0.9299999999998948,0.4193330045636179,6.0,0.3972841579124231
2693,0.9399999999998948,0.420669372235883,6.0,0.3967351673358114
2694,0.9499999999998944,0.4220057399081482,6.0,0.39618058528576894
2695,0.9599999999998944,0.4233421075804135,6.0,0.3956208447226436
2696,0.969999999999894,0.4246784752526789,6.0,0.39505637050238707
2697,0.9799999999998938,0.426014842924944,6.0,0.39448757910608057
2698,0.9899999999998936,0.427351210597209,6.0,0.39391487840112516
2699,0.9999999999998934,0.4286875782694742,6.0,0.39333866743267487
2700,1.0099999999998932,0.4300239459417395,6.0,0.3927593362438845
2701,1.019999999999893,0.4313603136140047,6.0,0.39217726572355405
2702,1.0299999999998928,0.43269668128627,6.0,0.39159282747975954
2703,1.0399999999998926,0.4340330489585348,6.0,0.3910063837380853
2704,1.0499999999998924,0.4353694166308002,6.0,0.39041828726308336
2705,1.059999999999892,0.4367057843030656,6.0,0.3898288813016223
2706,1.069999999999892,0.4380421519753308,6.0,0.3892384995468158
2707,1.0799999999998915,0.4393785196475961,6.0,0.38864746612125234
2708,1.0899999999998915,0.4407148873198613,6.0,0.38805609557828324
2709,1.0999999999998913,0.4420512549921263,6.0,0.3874646929201736
2710,1.109999999999891,0.4433876226643914,6.0,0.386873553631944
2711,1.1199999999998909,0.4447239903366566,6.0,0.386282963729787
2712,1.1299999999998906,0.4460603580089222,6.0,0.3856931998229798
2713,1.1399999999998904,0.4473967256811872,6.0,0.38510452918825344
2714,1.1499999999998902,0.4487330933534524,6.0,0.3845172098556242
2715,1.15999999999989,0.4500694610257176,6.0,0.38393149070474175
2716,1.1699999999998898,0.4514058286979825,6.0,0.38334761157083985
2717,1.1799999999998896,0.4527421963702479,6.0,0.3827658033594292
2718,1.1899999999998894,0.4540785640425132,6.0,0.3821862881689079
2719,1.1999999999998892,0.4554149317147783,6.0,0.38160927942030276
2720,1.209999999999889,0.4567512993870435,6.0,0.3810349819934131
2721,1.2199999999998887,0.4580876670593087,6.0,0.38046359236863814
2722,1.2299999999998883,0.4594240347315739,6.0,0.379895298773837
2723,1.2399999999998883,0.4607604024038393,6.0,0.37933028133559277
2724,1.249999999999888,0.4620967700761043,6.0,0.37876871223428743
2725,1.259999999999888,0.4634331377483695,6.0,0.3782107558624379
2726,1.2699999999998877,0.4647695054206346,6.0,0.37765656898576816
2727,1.2799999999998877,0.4661058730929002,6.0,0.3771063009065363
2728,1.2899999999998872,0.467442240765165,6.0,0.37656009362865006
2729,1.299999999999887,0.4687786084374306,6.0,0.376018082024156
2730,1.3099999999998868,0.4701149761096957,6.0,0.37548039400069655
2731,1.3199999999998866,0.4714513437819607,6.0,0.3749471506695653
2732,1.3299999999998864,0.4727877114542261,6.0,0.37441846651402366
2733,1.3399999999998862,0.474124079126491,6.0,0.373894449557554
2734,1.349999999999886,0.4754604467987562,6.0,0.37337520153175563
2735,1.3599999999998855,0.4767968144710216,6.0,0.3728608180436155
2736,1.3699999999998855,0.478133182143287,6.0,0.37235138874189877
2737,1.379999999999885,0.4794695498155519,6.0,0.3718469974824351
2738,1.389999999999885,0.480805917487817,6.0,0.37134772249208303
2739,1.399999999999885,0.4821422851600823,6.0,0.3708536365311884
2740,1.409999999999885,0.4834786528323478,6.0,0.3703648070543575
2741,1.4199999999998845,0.4848150205046129,6.0,0.3698812963693865
2742,1.4299999999998845,0.4861513881768781,6.0,0.36940316179420774
2743,1.439999999999884,0.4874877558491433,6.0,0.36893045581172124
2744,1.4499999999998838,0.4888241235214086,6.0,0.3684632262223997
2745,1.4599999999998836,0.4901604911936737,6.0,0.36800151629456224
2746,1.4699999999998834,0.4914968588659388,6.0,0.36754536491222933
2747,1.4799999999998832,0.4928332265382041,6.0,0.36709480672048045
2748,1.489999999999883,0.4941695942104693,6.0,0.36664987226824375
2749,1.4999999999998828,0.4955059618827347,6.0,0.36621058814846374
2750,1.5099999999998823,0.4968423295549996,6.0,0.3657769771355953
2751,1.5199999999998823,0.4981786972272649,6.0,0.365349058320383
2752,1.529999999999882,0.4995150648995302,6.0,0.3649268472418967
2753,1.539999999999882,0.5008514325717953,6.0,0.36451035601679505
2754,1.5499999999998817,0.5021878002440606,6.0,0.3640995934657991
2755,1.5599999999998817,0.5035241679163257,6.0,0.3636945652373682
2756,1.5699999999998813,0.5048605355885909,6.0,0.36329527392856564
2757,1.579999999999881,0.5061969032608561,6.0,0.36290171920311964
2758,1.5899999999998808,0.5075332709331215,6.0,0.3625138979066803
2759,1.5999999999998806,0.5088696386053866,6.0,0.3621318041792847
2760,1.6099999999998804,0.5102060062776518,6.0,0.3617554295650387
2761,1.6199999999998802,0.5115423739499169,6.0,0.36138476311904
2762,1.62999999999988,0.5128787416221823,6.0,0.3610197915115554
2763,1.6399999999998798,0.5145262738074974,6.0,0.3606604991294816
2764,1.6499999999998796,0.5162815362208251,6.0,0.36030686817511304
2765,1.6599999999998791,0.5180367986341522,6.0,0.35995887876224997
2766,1.6699999999998791,0.5197920610474797,6.0,0.3596165090096729
2767,1.679999999999879,0.5215473234608073,6.0,0.3592797351320244
2768,1.6899999999998787,0.5233025858741343,6.0,0.35894853152812745
2769,1.6999999999998785,0.5250578482874617,6.0,0.3586228708667816
2770,1.7099999999998785,0.5268131107007887,6.0,0.35830272417007625
2771,1.719999999999878,0.5285683731141163,6.0,0.3579880608942586
2772,1.729999999999878,0.5303236355274439,6.0,0.35767884900819913
2773,1.7399999999998776,0.5320788979407705,6.0,0.3573750550694993
2774,1.7499999999998774,0.5338341603540983,6.0,0.357076644298278
2775,1.7599999999998772,0.5355894227674257,6.0,0.356783580648689
2776,1.769999999999877,0.537344685180753,6.0,0.35649582687820625
2777,1.7799999999998768,0.5390999475940801,6.0,0.35621334461472787
2778,1.7899999999998766,0.5408552100074075,6.0,0.3559360944215382
2779,1.7999999999998764,0.5426104724207348,6.0,0.3556640358601767
2780,1.809999999999876,0.544365734834062,6.0,0.3553971275512593
2781,1.819999999999876,0.5461209972473893,6.0,0.3551353272332941
2782,1.829999999999876,0.547876259660717,6.0,0.3548785918195423
2783,1.8399999999998755,0.5496315220740439,6.0,0.35462687745296084
2784,1.8499999999998755,0.5513867844873714,6.0,0.3543801395592818
2785,1.859999999999875,0.553142046900699,6.0,0.3541383328982668
2786,1.8699999999998749,0.5548973093140261,6.0,0.35390141161317956
2787,1.8799999999998749,0.5566525717273534,6.0,0.35366932927852657
2788,1.8899999999998744,0.5584078341406808,6.0,0.3534420389461035
2789,1.8999999999998745,0.5601630965540078,6.0,0.3532194931893946
2790,1.909999999999874,0.5619183589673353,6.0,0.35300164414636226
2791,1.9199999999998736,0.5636736213806627,6.0,0.3527884435606774
2792,1.9299999999998736,0.5654288837939897,6.0,0.35257984282142274
2793,1.9399999999998732,0.5671841462073174,6.0,0.35237579300131305
2794,1.9499999999998727,0.5689394086206446,6.0,0.35217624489347865
2795,1.959999999999873,0.5706946710339719,6.0,0.3519811490468415
2796,1.9699999999998727,0.5724499334472989,6.0,0.35179045580012913
2797,1.9799999999998723,0.5742051958606262,6.0,0.3516041153145637
2798,1.9899999999998723,0.5759604582739538,6.0,0.35142207760526334
2799,1.999999999999872,0.5777157206872813,6.0,0.35124429257139267
2800,-1.9900000000000428,0.4733215669246071,7.0,0.44674250461560566
2801,-1.980000000000043,0.4706989637053858,7.0,0.4447141263060198
2802,-1.9700000000000435,0.4680763604861641,7.0,0.4426606277895388
2803,-1.9600000000000437,0.4654537572669426,7.0,0.4405818157976759
2804,-1.950000000000044,0.4628311540477216,7.0,0.43847750014626236
2805,-1.940000000000044,0.4602085508284999,7.0,0.4363474939649852
2806,-1.930000000000044,0.4575859476092785,7.0,0.43419161393466355
2807,-1.9200000000000443,0.4549633443900575,7.0,0.4320096805323968
2808,-1.9100000000000448,0.4523407411708362,7.0,0.4298015182847051
2809,-1.9000000000000448,0.4497181379516147,7.0,0.4275669560287867
2810,-1.890000000000045,0.4470955347323935,7.0,0.42530582718200277
2811,-1.8800000000000447,0.4444729315131723,7.0,0.4230179700196941
2812,-1.8700000000000452,0.4418503282939509,7.0,0.4207032279614422
2813,-1.8600000000000456,0.4392277250747295,7.0,0.4183614498658502
2814,-1.8500000000000456,0.436605121855508,7.0,0.41599249033394786
2815,-1.840000000000046,0.433982518636287,7.0,0.41359621002128083
2816,-1.8300000000000465,0.4313599154170657,7.0,0.4111724759587618
2817,-1.8200000000000465,0.4287373121978441,7.0,0.4087211618823284
2818,-1.810000000000047,0.4261147089786226,7.0,0.40624214857146995
2819,-1.800000000000047,0.4234921057594017,7.0,0.403735324196634
2820,-1.790000000000047,0.4208695025401802,7.0,0.40120058467555453
2821,-1.780000000000047,0.4182468993209587,7.0,0.39863783403848924
2822,-1.7700000000000475,0.4156242961017376,7.0,0.3960469848023752
2823,-1.7600000000000475,0.4130016928825162,7.0,0.39342795835386457
2824,-1.750000000000048,0.4103790896632946,7.0,0.3907806853412111
2825,-1.7400000000000482,0.4077564864440733,7.0,0.3881051060749438
2826,-1.7300000000000484,0.405133883224852,7.0,0.3854011709372598
2827,-1.7200000000000486,0.4025112800056307,7.0,0.38266884080002994
2828,-1.7100000000000488,0.3998886767864091,7.0,0.3799080874513168
2829,-1.700000000000049,0.3971836866286743,7.0,0.37711889403025595
2830,-1.6900000000000492,0.3939486763403575,7.0,0.3743012554701541
2831,-1.6800000000000497,0.3906432101943737,7.0,0.3714551789496108
2832,-1.6700000000000497,0.3871312206291881,7.0,0.368580684351466
2833,-1.66000000000005,0.3836192310640025,7.0,0.36567780472933986
2834,-1.65000000000005,0.3801072414988166,7.0,0.36274658678150457
2835,-1.6400000000000503,0.3765952519336308,7.0,0.3597870913318082
2836,-1.6300000000000503,0.3730832623684451,7.0,0.35679939381732595
2837,-1.6200000000000507,0.3695712728032594,7.0,0.35378358478241073
2838,-1.610000000000051,0.3660592832380734,7.0,0.3507397703787515
2839,-1.6000000000000512,0.3625472936728882,7.0,0.3476680728710462
2840,-1.5900000000000514,0.359035304107702,7.0,0.34456863114784375
2841,-1.5800000000000516,0.3555233145425164,7.0,0.34144160123708134
2842,-1.5700000000000518,0.3520113249773308,7.0,0.33828715682581384
2843,-1.560000000000052,0.3484993354121449,7.0,0.33510548978358595
2844,-1.5500000000000522,0.3449873458469593,7.0,0.3318968106888706
2845,-1.5400000000000524,0.3414753562817736,7.0,0.3286613493579505
2846,-1.5300000000000529,0.3379633667165879,7.0,0.3253993553755927
2847,-1.5200000000000529,0.3344513771514023,7.0,0.322111098626808
2848,-1.510000000000053,0.3309393875862166,7.0,0.3187968698289698
2849,-1.5000000000000533,0.3274273980210309,7.0,0.3154569810635043
2850,-1.4900000000000535,0.3239154084558453,7.0,0.31209176630633584
2851,-1.4800000000000535,0.3204034188906592,7.0,0.3087015819562204
2852,-1.470000000000054,0.3168914293254734,7.0,0.3052868073600627
2853,-1.460000000000054,0.313379439760288,7.0,0.30184784533425985
2854,-1.4500000000000544,0.3098674501951022,7.0,0.2983851226810848
2855,-1.4400000000000546,0.3063554606299162,7.0,0.2948990906990531
2856,-1.4300000000000548,0.3028434710647308,7.0,0.29139022568619716
2857,-1.420000000000055,0.2993314814995452,7.0,0.2878590294351073
2858,-1.4100000000000552,0.2958194919343594,7.0,0.28430602971856056
2859,-1.4000000000000554,0.2923075023691736,7.0,0.28073178076450633
2860,-1.3900000000000556,0.2886139106438393,7.0,0.2771368637191337
2861,-1.3800000000000558,0.2845526157110936,7.0,0.27352188709670155
2862,-1.370000000000056,0.2799706822603516,7.0,0.26988748721474953
2863,-1.3600000000000565,0.2753887488096094,7.0,0.2662343286132853
2864,-1.3500000000000565,0.2708068153588671,7.0,0.26256310445646497
2865,-1.3400000000000567,0.2662248819081245,7.0,0.25887453691526935
2866,-1.330000000000057,0.2616429484573823,7.0,0.2551693775295973
2867,-1.3200000000000571,0.2570610150066403,7.0,0.25144840754818026
2868,-1.3100000000000571,0.252479081555898,7.0,0.24771243824465505
2869,-1.3000000000000576,0.2478971481051556,7.0,0.24396231120809497
2870,-1.2900000000000578,0.2433152146544136,7.0,0.24019889860624882
2871,-1.280000000000058,0.2387332812036713,7.0,0.23642310341970066
2872,-1.2700000000000582,0.234151347752929,7.0,0.23263585964510422
2873,-1.2600000000000584,0.2295694143021867,7.0,0.228838132465623
2874,-1.2500000000000586,0.2249874808514445,7.0,0.22503091838664283
2875,-1.2400000000000588,0.2204055474007022,7.0,0.22121524533480405
2876,-1.230000000000059,0.2158236139499599,7.0,0.21739217271834477
2877,-1.2200000000000593,0.2112416804992178,7.0,0.21356279144672216
2878,-1.2100000000000597,0.2066597470484756,7.0,0.20972822390743429
2879,-1.2000000000000597,0.2020778135977331,7.0,0.20588962389793913
2880,-1.19000000000006,0.197495880146991,7.0,0.2020481765105323
2881,-1.18000000000006,0.1929139466962491,7.0,0.19820509796802163
2882,-1.1700000000000603,0.1883320132455066,7.0,0.19436163540801135
2883,-1.1600000000000603,0.1837500797947644,7.0,0.19051906661358758
2884,-1.1500000000000608,0.1791681463440219,7.0,0.18667869968818113
2885,-1.140000000000061,0.1746592485361987,7.0,0.18284187267237909
2886,-1.1300000000000612,0.1709830896583978,7.0,0.17900995310043663
2887,-1.1200000000000614,0.1673069307805967,7.0,0.17518433749425505
2888,-1.1100000000000616,0.1636307719027956,7.0,0.1713664507925922
2889,-1.1000000000000618,0.1599546130249947,7.0,0.16755774571327828
2890,-1.090000000000062,0.1562784541471936,7.0,0.16375970204624962
2891,-1.0800000000000622,0.1526022952693926,7.0,0.15997382587521772
2892,-1.0700000000000625,0.1489261363915917,7.0,0.1562016487258586
2893,-1.060000000000063,0.1452499775137905,7.0,0.15244472663843062
2894,-1.0500000000000629,0.1415738186359896,7.0,0.14870463916281257
2895,-1.040000000000063,0.1378976597581886,7.0,0.14498298827401265
2896,-1.0300000000000633,0.1342215008803874,7.0,0.14128139720629304
2897,-1.0200000000000635,0.1305453420025865,7.0,0.13760150920415656
2898,-1.0100000000000635,0.1268691831247853,7.0,0.13394498618855763
2899,-1.000000000000064,0.1231930242469844,7.0,0.13031350733683347
2900,-0.9900000000000642,0.1195168653691835,7.0,0.1267087675750039
2901,-0.9800000000000644,0.1158407064913824,7.0,0.12313247598126613
2902,-0.9700000000000646,0.1121645476135812,7.0,0.119586354099688
2903,-0.9600000000000648,0.1084883887357803,7.0,0.11607213416333291
2904,-0.950000000000065,0.1061846323603309,7.0,0.11259155722627158
2905,-0.9400000000000652,0.1045411180821237,7.0,0.10914637120420459
2906,-0.9300000000000654,0.1028976038039165,7.0,0.1057383288236964
2907,-0.9200000000000657,0.1012540895257091,7.0,0.10236918548033375
2908,-0.910000000000066,0.0996105752475017,7.0,0.09904069700645858
2909,-0.9000000000000661,0.0979670609692944,7.0,0.09575461734947531
2910,-0.8900000000000663,0.0963235466910872,7.0,0.09251269616214358
2911,-0.8800000000000665,0.0946800324128798,7.0,0.08931667630664712
2912,-0.8700000000000667,0.0930365181346725,7.0,0.08616829127471887
2913,-0.8600000000000669,0.0913930038564652,7.0,0.08306926252652001
2914,-0.8500000000000671,0.0897494895782578,7.0,0.08002129675150764
2915,-0.8400000000000674,0.0881059753000505,7.0,0.07702608305501994
2916,-0.8300000000000676,0.0864624610218431,7.0,0.07408529007485984
2917,-0.8200000000000678,0.0848189467436359,7.0,0.07120056303272133
2918,-0.810000000000068,0.083277726959695,7.0,0.06837352072588997
2919,-0.8000000000000682,0.0818242015718508,7.0,0.0656057524652395
2920,-0.7900000000000684,0.0803706761840067,7.0,0.06289881496617672
2921,-0.7800000000000686,0.0789171507961623,7.0,0.060254229199795624
2922,-0.7700000000000689,0.0774636254083181,7.0,0.05767347721214466
2923,-0.7600000000000691,0.0760101000204739,7.0,0.05515799892013739
2924,-0.7500000000000693,0.0745565746326295,7.0,0.05270918889326471
2925,-0.7400000000000695,0.0731030492447854,7.0,0.05032839313089368
2926,-0.7300000000000697,0.0716495238569412,7.0,0.0480169058455305
2927,-0.7200000000000699,0.070195998469097,7.0,0.04577596626302662
2928,-0.7100000000000701,0.0687424730812526,7.0,0.04360675545124364
2929,-0.7000000000000703,0.0672889476934085,7.0,0.041510393189227515
2930,-0.6900000000000706,0.0658354223055643,7.0,0.03948793488941711
2931,-0.6800000000000708,0.06438189691772,7.0,0.0375403685858389
2932,-0.670000000000071,0.0629283715298758,7.0,0.03566861200161368
2933,-0.6600000000000712,0.0614748461420315,7.0,0.03387350970941034
2934,-0.6500000000000714,0.0600213207541874,7.0,0.03215583039871292
2935,-0.6400000000000716,0.0585677953663431,7.0,0.03051626426392537
2936,-0.6300000000000718,0.0571142699784988,7.0,0.028955420527407266
2937,-0.620000000000072,0.0556607445906547,7.0,0.027473825111511155
2938,-0.6100000000000723,0.0542072192028104,7.0,0.026071918473567907
2939,-0.6000000000000725,0.0527536938149661,7.0,0.024750053617543247
2940,-0.5900000000000727,0.051300168427122,7.0,0.02350849429575226
2941,-0.5800000000000729,0.0498466430392777,7.0,0.022347413413576447
2942,-0.5700000000000731,0.0482002702224217,7.0,0.02126689164955918
2943,-0.5600000000000733,0.0443024548796237,7.0,0.020266916302596846
2944,-0.5500000000000735,0.040404639536826,7.0,0.01934738037713326
2945,-0.5400000000000738,0.036600180540209,7.0,0.018508081916376144
2946,-0.530000000000074,0.0328915156386414,7.0,0.017748723592529957
2947,-0.5200000000000742,0.0291828507370735,7.0,0.017068912561929314
2948,-0.5100000000000744,0.026043240839193,7.0,0.016468160591717525
2949,-0.5000000000000746,0.0243411412838413,7.0,0.015945884463420698
2950,-0.4900000000000748,0.0226390417284895,7.0,0.015501406657342882
2951,-0.480000000000075,0.0209369421731377,7.0,0.01513395632025462
2952,-0.4700000000000752,0.0192348426177859,7.0,0.01484267051729076
2953,-0.4600000000000754,0.0176005978283637,7.0,0.01462659576739033
2954,-0.4500000000000757,0.0165005604640915,7.0,0.014484689859982249
2955,-0.4400000000000759,0.0154005230998191,7.0,0.014415823948964844
2956,-0.4300000000000761,0.0143004857355468,7.0,0.014418784918376957
2957,-0.4200000000000763,0.0132004483712745,7.0,0.014492278012494446
2958,-0.4100000000000765,0.0121004110070022,7.0,0.01463492972147132
2959,-0.4000000000000767,0.01100037364273,7.0,0.01484529091205137
2960,-0.3900000000000769,0.0099003362784577,7.0,0.015121840191345314
2961,-0.3800000000000771,0.0088002989141854,7.0,0.015462987490212002
2962,-0.3700000000000774,0.0077002615499132,7.0,0.015867077851415168
2963,-0.3600000000000776,0.0066002241856409,7.0,0.016332395406447736
2964,-0.3500000000000778,0.0055001868213686,7.0,0.016857167523772483
2965,-0.340000000000078,0.0044001494570963,7.0,0.017439569110189714
2966,-0.3300000000000782,0.0033001120928241,7.0,0.01807772704615942
2967,-0.3200000000000784,0.0022000747285517,7.0,0.018769724735156472
2968,-0.3100000000000786,0.0011000373642795,7.0,0.019513606746545516
2969,-0.3000000000000788,7.250252839206645e-15,7.0,0.020307383531032307
2970,-0.2900000000000791,-0.0002845005253302,7.0,0.02114903618747678
2971,-0.2800000000000793,0.0007270771532439,7.0,0.022036521259741634
2972,-0.2700000000000795,0.0017386548318182,7.0,0.022967775542316812
2973,-0.2600000000000797,0.0027502325103924,7.0,0.023940720873660955
2974,-0.2500000000000799,0.0039507703412711,7.0,0.02495326889659532
2975,-0.2400000000000801,0.0053582011294078,7.0,0.026003325765585977
2976,-0.2300000000000803,0.0067656319175446,7.0,0.02708879678143907
2977,-0.2200000000000805,0.0081730627056812,7.0,0.028207590934719508
2978,-0.2100000000000808,0.0095804934938179,7.0,0.029357625340128757
2979,-0.200000000000081,0.0109879242819546,7.0,0.030536829545121227
2980,-0.1900000000000812,0.0123953550700913,7.0,0.03174314969716166
2981,-0.1800000000000814,0.0138027858582281,7.0,0.03297455255524922
2982,-0.1700000000000816,0.0152102166463648,7.0,0.034229029332623576
2983,-0.1600000000000818,0.0166176474345014,7.0,0.035504599358914354
2984,-0.150000000000082,0.0181078670029671,7.0,0.03679931355138684
2985,-0.1400000000000822,0.0216070932317958,7.0,0.03811125768634917
2986,-0.1300000000000825,0.0251063194606244,7.0,0.03943855546322198
2987,-0.1200000000000827,0.0289593628196954,7.0,0.0407793713552031
2988,-0.1100000000000829,0.0330599645120272,7.0,0.042131913241873806
2989,-0.1000000000000831,0.0371605662043591,7.0,0.04349443482049333
2990,-0.0900000000000833,0.041261167896691,7.0,0.04486523779408209
2991,-0.0800000000000835,0.0453617695890228,7.0,0.046242673835707244
2992,-0.0700000000000837,0.0462911923385657,7.0,0.04762514632963314
2993,-0.0600000000000839,0.0458620325548878,7.0,0.04901111189119881
2994,-0.0500000000000842,0.0455750295913321,7.0,0.05039908166839611
2995,-0.0400000000000844,0.0453373900823766,7.0,0.051787622429164716
2996,-0.0300000000000846,0.0450997505734213,7.0,0.053175357439383224
2997,-0.0200000000000848,0.0448621110644658,7.0,0.054560967137407566
2998,-0.010000000000085,0.0446244715555104,7.0,0.05594318961179145
2999,-8.526512829121202e-14,0.044386832046555,7.0,0.057320820889524886
3000,0.0099999999999145,0.0441491925375996,7.0,0.058692715042735454
3001,0.0199999999999143,0.0439115530286442,7.0,0.0600577841223054
3002,0.029999999999914,0.0436739135196889,7.0,0.06141499792730356
3003,0.0399999999999138,0.0434362740107334,7.0,0.06276338361946408
3004,0.0499999999999136,0.043198634501778,7.0,0.06410202519221672
3005,0.0599999999999134,0.0429609949928226,7.0,0.06543006280395275
3006,0.0699999999999132,0.0427233554838672,7.0,0.06674669198532496
3007,0.079999999999913,0.0428629449049718,7.0,0.06805116273041965
3008,0.0899999999999128,0.0440768034956859,7.0,0.06934277848161324
3009,0.0999999999999126,0.0452906620863998,7.0,0.07062089501784387
3010,0.1099999999999123,0.0465045206771139,7.0,0.0718849192558846
3011,0.1199999999999121,0.0477183792678279,7.0,0.07313430797402144
3012,0.1299999999999119,0.0489322378585419,7.0,0.07436856646729952
3013,0.1399999999999117,0.0501460964492559,7.0,0.07558724714323371
3014,0.1499999999999115,0.0522901622129329,7.0,0.07678994806656812
3015,0.1599999999999113,0.0549518531711487,7.0,0.07797631146134046
3016,0.1699999999999111,0.0576135441293645,7.0,0.07914602217814137
3017,0.1799999999999109,0.0602752350875803,7.0,0.08029880613408248
3018,0.1899999999999106,0.062936926045796,7.0,0.0814344287325971
3019,0.1999999999999104,0.0655986170040117,7.0,0.08255269326978895
3020,0.2099999999999102,0.0682603079622275,7.0,0.08365343933363201
3021,0.21999999999991,0.0709219989204433,7.0,0.08473654120191579
3022,0.2299999999999098,0.0735836898786591,7.0,0.08580190624440943
3023,0.2399999999999096,0.0762453808368748,7.0,0.08684947333430544
3024,0.2499999999999094,0.0789070717950906,7.0,0.08787921127360497
3025,0.2599999999999092,0.0812614412768733,7.0,0.08889111723669499
3026,0.269999999999909,0.0835758476193068,7.0,0.08988521523598599
3027,0.2799999999999087,0.0858902539617404,7.0,0.09086155461309768
3028,0.2899999999999085,0.0847725367693471,7.0,0.09182020855871414
3029,0.2999999999999083,0.0824543005657677,7.0,0.09276127266387793
3030,0.3099999999999081,0.0801360643621883,7.0,0.09368486350515712
3031,0.3199999999999079,0.0778178281586089,7.0,0.0945911172657952
3032,0.3299999999999077,0.0754995919550294,7.0,0.09548018839465336
3033,0.3399999999999075,0.0731813557514499,7.0,0.09635224830446137
3034,0.3499999999999073,0.0708631195478705,7.0,0.09720748411063157
3035,0.359999999999907,0.068544883344291,7.0,0.0980460974116223
3036,0.3699999999999068,0.0662266471407116,7.0,0.09886830311161621
3037,0.3799999999999066,0.0639084109371322,7.0,0.09967432828604564
3038,0.3899999999999064,0.0615901747335527,7.0,0.1004644110903015
3039,0.3999999999999062,0.0592719385299732,7.0,0.10123879971177345
3040,0.409999999999906,0.0576526816929888,7.0,0.10199775136519235
3041,0.4199999999999058,0.0575790851415724,7.0,0.10274153133109781
3042,0.4299999999999055,0.0575054885901561,7.0,0.10347041203710196
3043,0.4399999999999053,0.0574318920387398,7.0,0.1041846721815023
3044,0.4499999999999051,0.0573582954873234,7.0,0.10488459589867254
3045,0.4599999999999049,0.0572846989359071,7.0,0.10557047196556504
3046,0.4699999999999047,0.0572111023844908,7.0,0.10624259304856674
3047,0.4799999999999045,0.0571375058330745,7.0,0.10690125498986607
3048,0.4899999999999043,0.0570639092816581,7.0,0.10754675613243042
3049,0.4999999999999041,0.0569903127302417,7.0,0.10817939668262644
3050,0.5099999999999039,0.0569167161788254,7.0,0.10879947810947119
3051,0.5199999999999037,0.0569979717364903,7.0,0.10940730257945935
3052,0.5299999999999034,0.0582401891713797,7.0,0.1100031724258821
3053,0.5399999999999032,0.059911556871635,7.0,0.11058738965152463
3054,0.549999999999903,0.0617672643233212,7.0,0.11116025546361431
3055,0.5599999999999028,0.0636229717750074,7.0,0.11172206983987841
3056,0.5699999999999026,0.0654786792266937,7.0,0.11227313112455851
3057,0.5799999999999024,0.0673343866783799,7.0,0.1128137356532407
3058,0.5899999999999022,0.0691900941300663,7.0,0.11334417740534534
3059,0.599999999999902,0.0710458015817524,7.0,0.11386474768314615
3060,0.6099999999999017,0.0729015090334388,7.0,0.11437573481618295
3061,0.6199999999999015,0.0747572164851249,7.0,0.11487742388995804
3062,0.6299999999999013,0.0766129239368111,7.0,0.11537009649782164
3063,0.6399999999999011,0.0784686313884975,7.0,0.11585403051496475
3064,0.6499999999999009,0.0803243388401837,7.0,0.11632949989346274
3065,0.6599999999999007,0.0821800462918699,7.0,0.11679677447734842
3066,0.6699999999999005,0.0840357537435562,7.0,0.11725611983669414
3067,0.6799999999999002,0.0858914611952424,7.0,0.1177077971197346
3068,0.6899999999999,0.0877471686469286,7.0,0.11815206292207224
3069,0.6999999999998998,0.0899931009868026,7.0,0.1185891691720427
3070,0.7099999999998996,0.0925682248618118,7.0,0.11901936303134851
3071,0.7199999999998994,0.0951433487368209,7.0,0.1194428868100919
3072,0.7299999999998992,0.09771847261183,7.0,0.11985997789537521
3073,0.739999999999899,0.1002935964868392,7.0,0.12027086869266294
3074,0.7499999999998987,0.1028687203618482,7.0,0.12067578657912965
3075,0.7599999999998985,0.1055721208971977,7.0,0.12107495386824986
3076,0.7699999999998983,0.1084471941514367,7.0,0.12146858778491333
3077,0.7799999999998981,0.1113222674056758,7.0,0.1218569004503826
3078,0.7899999999998979,0.1141973406599147,7.0,0.12224009887643027
3079,0.7999999999998977,0.1170724139141538,7.0,0.12261838496803361
3080,0.8099999999998975,0.1199474871683928,7.0,0.1229919555340218
3081,0.8199999999998973,0.1228225604226319,7.0,0.12336100230510506
3082,0.829999999999897,0.1256976336768709,7.0,0.12372571195873515
3083,0.8399999999998968,0.1285727069311098,7.0,0.12408626615028041
3084,0.8499999999998966,0.1314477801853489,7.0,0.12444284155002135
3085,0.8599999999998964,0.1343228534395878,7.0,0.12479560988548881
3086,0.8699999999998962,0.137197926693827,7.0,0.12514473798870598
3087,0.879999999999896,0.1400729999480659,7.0,0.12549038784790614
3088,0.8899999999998958,0.1429480732023049,7.0,0.12583271666332618
3089,0.8999999999998956,0.1458231464565439,7.0,0.1261718769066931
3090,0.9099999999998952,0.1486982197107831,7.0,0.12650801638405118
3091,0.9199999999998952,0.151573292965022,7.0,0.12684127830157926
3092,0.9299999999998948,0.154448366219261,7.0,0.12717180133409267
3093,0.9399999999998948,0.1573234394735,7.0,0.12749971969591414
3094,0.9499999999998944,0.1601985127277391,7.0,0.1278251632138393
3095,0.9599999999998944,0.1630735859819781,7.0,0.12814825740192587
3096,0.969999999999894,0.1659486592362172,7.0,0.12846912353785814
3097,0.9799999999998938,0.1688237324904561,7.0,0.128787878740649
3098,0.9899999999998936,0.1716988057446952,7.0,0.12910463604946038
3099,0.9999999999998934,0.1745738789989341,7.0,0.12941950450333856
3100,1.0099999999998932,0.1774489522531732,7.0,0.12973258922166772
3101,1.019999999999893,0.1803240255074123,7.0,0.1300439914851646
3102,1.0299999999998928,0.1831990987616513,7.0,0.1303538088172451
3103,1.0399999999998926,0.1860741720158903,7.0,0.13066213506561145
3104,1.0499999999998924,0.1889492452701293,7.0,0.13096906048390838
3105,1.059999999999892,0.1915691646466046,7.0,0.13127467181331903
3106,1.069999999999892,0.1941256526830676,7.0,0.1315790523639763
3107,1.0799999999998915,0.1966821407195304,7.0,0.1318822820960727
3108,1.0899999999998915,0.1992386287559933,7.0,0.1321844377005649
3109,1.0999999999998913,0.2017951850603589,7.0,0.13248559267937338
3110,1.109999999999891,0.2043873653205781,7.0,0.13278581742499174
3111,1.1199999999998909,0.2069795455807973,7.0,0.13308517929941904
3112,1.1299999999998906,0.2095717258410166,7.0,0.1333837427123464
3113,1.1399999999998904,0.2121639061012359,7.0,0.1336815691985247
3114,1.1499999999998902,0.2147454347162001,7.0,0.13397871749425388
3115,1.15999999999989,0.217319206413277,7.0,0.13427524361294216
3116,1.1699999999998898,0.2198929781103543,7.0,0.13457120091967714
3117,1.1799999999998896,0.2224667498074314,7.0,0.13486664020477385
3118,1.1899999999998894,0.2250405215045085,7.0,0.1351616097562513
3119,1.1999999999998892,0.2276142932015856,7.0,0.13545615543121006
3120,1.209999999999889,0.2301880648986626,7.0,0.1357503207260749
3121,1.2199999999998887,0.2327618365957398,7.0,0.1360441468456795
3122,1.2299999999998883,0.2353356082928169,7.0,0.13633767277116773
3123,1.2399999999998883,0.2379093799898941,7.0,0.13663093532669632
3124,1.249999999999888,0.240483151686971,7.0,0.13692396924491831
3125,1.259999999999888,0.2430569233840482,7.0,0.13721680723123952
3126,1.2699999999998877,0.2456306950811252,7.0,0.13750948002683352
3127,1.2799999999998877,0.2482044667782025,7.0,0.1378020164704147
3128,1.2899999999998872,0.2507782384752796,7.0,0.1380944435587545
3129,1.299999999999887,0.2533520101723567,7.0,0.13838678650595168
3130,1.3099999999998868,0.2559257818694339,7.0,0.13867906880144384
3131,1.3199999999998866,0.2584995535665109,7.0,0.13897131226677265
3132,1.3299999999998864,0.2610733252635878,7.0,0.13926353711109823
3133,1.3399999999998862,0.2636470969606651,7.0,0.1395557619854723
3134,1.349999999999886,0.2662208686577421,7.0,0.1398480040358795
3135,1.3599999999998855,0.2687946403548193,7.0,0.14014027895504685
3136,1.3699999999998855,0.2713684120518964,7.0,0.1404326010330397
3137,1.379999999999885,0.2739421837489735,7.0,0.14072498320665058
3138,1.389999999999885,0.2765159554460507,7.0,0.14101743710759299
3139,1.399999999999885,0.2790897271431278,7.0,0.14130997310951504
3140,1.409999999999885,0.281663498840205,7.0,0.1416026003738432
3141,1.4199999999998845,0.284237270537282,7.0,0.14189532689447432
3142,1.4299999999998845,0.2868110422343592,7.0,0.14218815954132877
3143,1.439999999999884,0.2896414792556335,7.0,0.1424811041027813
3144,1.4499999999998838,0.2925934267172015,7.0,0.14277416532698584
3145,1.4599999999998836,0.2955453741787697,7.0,0.14306734696211093
3146,1.4699999999998834,0.2984973216403378,7.0,0.14336065179550384
3147,1.4799999999998832,0.3014492691019061,7.0,0.1436540816917998
3148,1.489999999999883,0.3044012165634742,7.0,0.14394763762999496
3149,1.4999999999998828,0.3073531640250422,7.0,0.14424131973950083
3150,1.5099999999998823,0.3103051114866104,7.0,0.14453512733519974
3151,1.5199999999998823,0.3132570589481787,7.0,0.144829058951518
3152,1.529999999999882,0.3162090064097468,7.0,0.14512311237553702
3153,1.539999999999882,0.319160953871315,7.0,0.1454172846791594
3154,1.5499999999998817,0.3221129013328831,7.0,0.14571157225035256
3155,1.5599999999998817,0.3250648487944512,7.0,0.14600597082348074
3156,1.5699999999998813,0.3280167962560195,7.0,0.14630047550875547
3157,1.579999999999881,0.3309687437175876,7.0,0.14659508082081282
3158,1.5899999999998808,0.3339206911791558,7.0,0.1468897807064414
3159,1.5999999999998806,0.3368726386407238,7.0,0.14718456857147855
3160,1.6099999999998804,0.339824586102292,7.0,0.14747943730689397
3161,1.6199999999998802,0.3427765335638603,7.0,0.1477743793140766
3162,1.62999999999988,0.3457284810254284,7.0,0.1480693865293452
3163,1.6399999999998798,0.3486804284869965,7.0,0.14836445044770016
3164,1.6499999999998796,0.3516323759485648,7.0,0.148659562145834
3165,1.6599999999998791,0.3545843234101327,7.0,0.14895471230441668
3166,1.6699999999998791,0.3575362708717011,7.0,0.14924989122967555
3167,1.679999999999879,0.3604882183332692,7.0,0.1495450888742871
3168,1.6899999999998787,0.3634401657948374,7.0,0.1498402948575925
3169,1.6999999999998785,0.3663921132564054,7.0,0.15013549848516175
3170,1.7099999999998785,0.3693440607179737,7.0,0.15043068876771537
3171,1.719999999999878,0.3722960081795419,7.0,0.1507258544394235
3172,1.729999999999878,0.3752479556411098,7.0,0.15102098397559813
3173,1.7399999999998776,0.3781999031026781,7.0,0.1513160656097929
3174,1.7499999999998774,0.3811518505642462,7.0,0.15161108735032572
3175,1.7599999999998772,0.3841037980258144,7.0,0.15190603699624255
3176,1.769999999999877,0.3870557454873826,7.0,0.15220090215273088
3177,1.7799999999998768,0.3900076929489509,7.0,0.15249567024600344
3178,1.7899999999998766,0.392959640410519,7.0,0.15279032853766492
3179,1.7999999999998764,0.3959115878720871,7.0,0.15308486413857114
3180,1.809999999999876,0.3988635353336551,7.0,0.15337926402220206
3181,1.819999999999876,0.4018154827952235,7.0,0.1536735150375551
3182,1.829999999999876,0.4047674302567915,7.0,0.1539676039215766
3183,1.8399999999998755,0.4077193777183598,7.0,0.15426151731114102
3184,1.8499999999998755,0.4106713251799279,7.0,0.1545552417545936
3185,1.859999999999875,0.4136232726414959,7.0,0.15484876372286446
3186,1.8699999999998749,0.4166091747427851,7.0,0.15514206962017216
3187,1.8799999999998749,0.419624727407486,7.0,0.155435145794323
3188,1.8899999999998744,0.4226402800721867,7.0,0.15572797854662007
3189,1.8999999999998745,0.4256558327368876,7.0,0.15602055414139268
3190,1.909999999999874,0.428671385401588,7.0,0.1563128588151588
3191,1.9199999999998736,0.4315466572562453,7.0,0.15660487878542856
3192,1.9299999999998736,0.4344107821825784,7.0,0.1568966002591609
3193,1.9399999999998732,0.4372749071089117,7.0,0.15718800944088399
3194,1.9499999999998727,0.440139032035245,7.0,0.15747909254048764
3195,1.959999999999873,0.4430031569615786,7.0,0.15776983578069947
3196,1.9699999999998727,0.445867281887912,7.0,0.15806022540425316
3197,1.9799999999998723,0.4487314068142453,7.0,0.15835024768075764
3198,1.9899999999998723,0.4515955317405787,7.0,0.1586398889132784
3199,1.999999999999872,0.454459656666912,7.0,0.15892913544463635
3200,-1.9900000000000428,0.3847308260468149,8.0,0.31854402580131846
3201,-1.980000000000043,0.3827167347425542,8.0,0.3180194840251463
3202,-1.9700000000000435,0.3807026434382931,8.0,0.31749808380920946
3203,-1.9600000000000437,0.3788843434932227,8.0,0.3169799162867168
3204,-1.950000000000044,0.3776609483209846,8.0,0.31646507398924706
3205,-1.940000000000044,0.3764375531487463,8.0,0.31595365085920135
3206,-1.930000000000044,0.3752141579765083,8.0,0.31544574226180006
3207,-1.9200000000000443,0.3739907628042702,8.0,0.31494144499657284
3208,-1.9100000000000448,0.3727673676320321,8.0,0.31444085730829807
3209,-1.9000000000000448,0.371543972459794,8.0,0.3139440788973223
3210,-1.890000000000045,0.3703205772875561,8.0,0.3134512109292111
3211,-1.8800000000000447,0.3690971821153177,8.0,0.3129623560436558
3212,-1.8700000000000452,0.3678737869430796,8.0,0.31247761836257804
3213,-1.8600000000000456,0.3666503917708418,8.0,0.3119971034973479
3214,-1.8500000000000456,0.3654269965986041,8.0,0.3115209185550451
3215,-1.840000000000046,0.3642036014263655,8.0,0.3110491721436747
3216,-1.8300000000000465,0.3629802062541275,8.0,0.31058197437624907
3217,-1.8200000000000465,0.3617568110818895,8.0,0.3101194368736438
3218,-1.810000000000047,0.3605334159096508,8.0,0.30966167276611956
3219,-1.800000000000047,0.3593100207374131,8.0,0.30920879669340995
3220,-1.790000000000047,0.3580866255651752,8.0,0.3087609248032512
3221,-1.780000000000047,0.356900429576077,8.0,0.3083181747482384
3222,-1.7700000000000475,0.3558873125145385,8.0,0.3078806656808747
3223,-1.7600000000000475,0.3548741954530005,8.0,0.3074485182466713
3224,-1.750000000000048,0.3538610783914619,8.0,0.3070218545751549
3225,-1.7400000000000482,0.3528479613299234,8.0,0.30660079826862213
3226,-1.7300000000000484,0.3518348442683849,8.0,0.30618547438847277
3227,-1.7200000000000486,0.3508217272068473,8.0,0.30577600943894223
3228,-1.7100000000000488,0.349808610145309,8.0,0.305372531348047
3229,-1.700000000000049,0.3487954930837701,8.0,0.30497516944553377
3230,-1.6900000000000492,0.3477823760222321,8.0,0.304584054437623
3231,-1.6800000000000497,0.3467692589606938,8.0,0.3041993183783144
3232,-1.6700000000000497,0.3457561418991553,8.0,0.3038210946370078
3233,-1.66000000000005,0.3447430248376172,8.0,0.30344951786218755
3234,-1.65000000000005,0.343729907776079,8.0,0.30308472394088287
3235,-1.6400000000000503,0.3427167907145407,8.0,0.3027268499536205
3236,-1.6300000000000503,0.3417036736530023,8.0,0.30237603412455116
3237,-1.6200000000000507,0.3406905565914642,8.0,0.30203241576641693
3238,-1.610000000000051,0.3396774395299257,8.0,0.30169613522000854
3239,-1.6000000000000512,0.3386643224683879,8.0,0.3013673337877315
3240,-1.5900000000000514,0.3376512054068494,8.0,0.3010461536608837
3241,-1.5800000000000516,0.3366380883453114,8.0,0.3007327378402167
3242,-1.5700000000000518,0.3356249712837728,8.0,0.30042723004932603
3243,-1.560000000000052,0.3346118542222345,8.0,0.3001297746403875
3244,-1.5500000000000522,0.333598737160696,8.0,0.29984051649172616
3245,-1.5400000000000524,0.332585620099158,8.0,0.2995596008966699
3246,-1.5300000000000529,0.3315725030376196,8.0,0.29928717344310746
3247,-1.5200000000000529,0.3305593859760813,8.0,0.29902337988312794
3248,-1.510000000000053,0.3295462689145434,8.0,0.2987683659920829
3249,-1.5000000000000533,0.3285331518530051,8.0,0.2985222774163727
3250,-1.4900000000000535,0.3275200347914667,8.0,0.29828525950920115
3251,-1.4800000000000535,0.3265069177299283,8.0,0.2980574571535108
3252,-1.470000000000054,0.3254938006683903,8.0,0.2978390145712449
3253,-1.460000000000054,0.3244806836068523,8.0,0.2976300751180376
3254,-1.4500000000000544,0.323467566545313,8.0,0.29743078106236454
3255,-1.4400000000000546,0.3224544494837748,8.0,0.29724127334813566
3256,-1.4300000000000548,0.321441332422237,8.0,0.29706169133963517
3257,-1.420000000000055,0.3204282153606981,8.0,0.29689217254764505
3258,-1.4100000000000552,0.3194150982991599,8.0,0.2967328523355141
3259,-1.4000000000000554,0.3184019812376218,8.0,0.2965838636038496
3260,-1.3900000000000556,0.3173888641760831,8.0,0.2964453364524258
3261,-1.3800000000000558,0.3163757471145451,8.0,0.29631739781780353
3262,-1.370000000000056,0.3153626300530065,8.0,0.2962001710850635
3263,-1.3600000000000565,0.3143495129914683,8.0,0.29609377567194367
3264,-1.3500000000000565,0.3133363959299303,8.0,0.29599832658355757
3265,-1.3400000000000567,0.3123232788683917,8.0,0.29591393393575566
3266,-1.330000000000057,0.311310161806854,8.0,0.2958407024450474
3267,-1.3200000000000571,0.3102970447453157,8.0,0.29577873088288004
3268,-1.3100000000000571,0.3092730163797912,8.0,0.29572811149190664
3269,-1.3000000000000576,0.3082211987520837,8.0,0.2956889293617226
3270,-1.2900000000000578,0.3071693811243759,8.0,0.29566126176138074
3271,-1.280000000000058,0.3061175634966682,8.0,0.29564517742580637
3272,-1.2700000000000582,0.3050657458689607,8.0,0.2956407357930472
3273,-1.2600000000000584,0.3040139282412527,8.0,0.2956479861890704
3274,-1.2500000000000586,0.3029621106135449,8.0,0.2956669669566119
3275,-1.2400000000000588,0.3019102929858371,8.0,0.29569770452432675
3276,-1.230000000000059,0.300858475358129,8.0,0.29574021241224485
3277,-1.2200000000000593,0.2998066577304216,8.0,0.29579449016925313
3278,-1.2100000000000597,0.2987548401027141,8.0,0.2958605222380372
3279,-1.2000000000000597,0.2977030224750062,8.0,0.29593827674259865
3280,-1.19000000000006,0.2966512048472982,8.0,0.29602770419312485
3281,-1.18000000000006,0.295599387219591,8.0,0.296128736102632
3282,-1.1700000000000603,0.2945475695918829,8.0,0.29624128350941925
3283,-1.1600000000000603,0.2934957519641754,8.0,0.2963652353989533
3284,-1.1500000000000608,0.2924439343364673,8.0,0.29650045701837086
3285,-1.140000000000061,0.2913921167087602,8.0,0.2966467880763199
3286,-1.1300000000000612,0.2903402990810521,8.0,0.29680404082035056
3287,-1.1200000000000614,0.2892884814533445,8.0,0.2969719979835531
3288,-1.1100000000000616,0.2882366638256366,8.0,0.2971504105915578
3289,-1.1000000000000618,0.2871848461979289,8.0,0.2973389956204227
3290,-1.090000000000062,0.286133028570221,8.0,0.2975374334952983
3291,-1.0800000000000622,0.2850812109425132,8.0,0.29774536541908203
3292,-1.0700000000000625,0.2840293933148054,8.0,0.2979623905195607
3293,-1.060000000000063,0.2829775756870976,8.0,0.29818806280281035
3294,-1.0500000000000629,0.2819257580593898,8.0,0.2984218878998078
3295,-1.040000000000063,0.2808739404316823,8.0,0.2986633195924175
3296,-1.0300000000000633,0.2798221228039745,8.0,0.29891175610404175
3297,-1.0200000000000635,0.2787703051762668,8.0,0.2991665361393458
3298,-1.0100000000000635,0.2777184875485588,8.0,0.29942693465656434
3299,-1.000000000000064,0.2766666699208514,8.0,0.29969215835495205
3300,-0.9900000000000642,0.2756148522931432,8.0,0.2999613408590182
3301,-0.9800000000000644,0.2745630346654358,8.0,0.30023353758024296
3302,-0.9700000000000646,0.2735112170377282,8.0,0.3005077202360425
3303,-0.9600000000000648,0.2724593994100203,8.0,0.30078277100488765
3304,-0.950000000000065,0.2714075817823125,8.0,0.30105747629563323
3305,-0.9400000000000652,0.2703557641546049,8.0,0.3013305201084004
3306,-0.9300000000000654,0.2706512543923079,8.0,0.3016004769637316
3307,-0.9200000000000657,0.2710915212794522,8.0,0.3018658043763181
3308,-0.910000000000066,0.2715317881665967,8.0,0.3021248348493774
3309,-0.9000000000000661,0.2719720550537414,8.0,0.3023757673658714
3310,-0.8900000000000663,0.2724123219408861,8.0,0.30261665835320434
3311,-0.8800000000000665,0.2728525888280304,8.0,0.3028454120990133
3312,-0.8700000000000667,0.2732928557151748,8.0,0.3030597705971952
3313,-0.8600000000000669,0.2737331226023192,8.0,0.30325730280563656
3314,-0.8500000000000671,0.2741733894894639,8.0,0.3034353933003031
3315,-0.8400000000000674,0.274613656376608,8.0,0.30359123031470353
3316,-0.8300000000000676,0.2768509303482842,8.0,0.30372179315943565
3317,-0.8200000000000678,0.2799927454885136,8.0,0.3038238390238909
3318,-0.810000000000068,0.2831345606287431,8.0,0.3038938891715358
3319,-0.8000000000000682,0.2862763757689726,8.0,0.3039282145519373
3320,-0.7900000000000684,0.2894181909092023,8.0,0.3039228208672841
3321,-0.7800000000000686,0.2925600060494314,8.0,0.3038734331491344
3322,-0.7700000000000689,0.2957018211896607,8.0,0.30377547992309634
3323,-0.7600000000000691,0.2988436363298901,8.0,0.30362407706583683
3324,-0.7500000000000693,0.301985451470119,8.0,0.3034140114910236
3325,-0.7400000000000695,0.3051272666103488,8.0,0.30313972483941853
3326,-0.7300000000000697,0.3082690817505784,8.0,0.3027952973944151
3327,-0.7200000000000699,0.3114108968908078,8.0,0.3023744324989269
3328,-0.7100000000000701,0.3145527120310371,8.0,0.30187044181391154
3329,-0.7000000000000703,0.3176945271712665,8.0,0.3012762318343011
3330,-0.6900000000000706,0.320836342311496,8.0,0.3005842921659723
3331,-0.6800000000000708,0.3128546863795263,8.0,0.2997866861691203
3332,-0.670000000000071,0.3047407404271079,8.0,0.2988750446901895
3333,-0.6600000000000712,0.2966267944746896,8.0,0.2978405637376841
3334,-0.6500000000000714,0.2885128485222714,8.0,0.296674007107537
3335,-0.6400000000000716,0.2803989025698529,8.0,0.29536571513186927
3336,-0.6300000000000718,0.2722849566174346,8.0,0.2939056209107113
3337,-0.620000000000072,0.2673236472767644,8.0,0.2922832755885542
3338,-0.6100000000000723,0.2670060278605554,8.0,0.2904878844541844
3339,-0.6000000000000725,0.2666884084443462,8.0,0.28850835586898255
3340,-0.5900000000000727,0.2663707890281369,8.0,0.28633336525963077
3341,-0.5800000000000729,0.2660531696119281,8.0,0.283951436636732
3342,-0.5700000000000731,0.2657355501957189,8.0,0.28135104430858643
3343,-0.5600000000000733,0.2654179307795096,8.0,0.27852073763219526
3344,-0.5500000000000735,0.2651003113633006,8.0,0.27544929175914296
3345,-0.5400000000000738,0.2647826919470918,8.0,0.27212588736390464
3346,-0.530000000000074,0.2644650725308826,8.0,0.2685403222509333
3347,-0.5200000000000742,0.2641474531146734,8.0,0.26468325748165555
3348,-0.5100000000000744,0.2638298336984643,8.0,0.2605465001923832
3349,-0.5000000000000746,0.2635122142822554,8.0,0.25612332453075193
3350,-0.4900000000000748,0.2631945948660461,8.0,0.2514088310566594
3351,-0.480000000000075,0.2628769754498372,8.0,0.24640034346476325
3352,-0.4700000000000752,0.2625593560336278,8.0,0.24109783952005043
3353,-0.4600000000000754,0.2622417366174188,8.0,0.23550441059233823
3354,-0.4500000000000757,0.26192411720121,8.0,0.22962674108079872
3355,-0.4400000000000759,0.2616064977850006,8.0,0.22347559531307754
3356,-0.4300000000000761,0.2534776928973157,8.0,0.21706629520425164
3357,-0.4200000000000763,0.2446463045533456,8.0,0.21041916714847297
3358,-0.4100000000000765,0.2358149162093755,8.0,0.20355993145329143
3359,-0.4000000000000767,0.2269835278654056,8.0,0.19652000238379286
3360,-0.3900000000000769,0.2181521395214356,8.0,0.1893366619635488
3361,-0.3800000000000771,0.2093207511774655,8.0,0.18205306663832796
3362,-0.3700000000000774,0.2004893628334954,8.0,0.17471804346776074
3363,-0.3600000000000776,0.1916579744895255,8.0,0.16738563254912972
3364,-0.3500000000000778,0.1828265861455555,8.0,0.16011433589818647
3365,-0.340000000000078,0.1739951978015858,8.0,0.15296604106104456
3366,-0.3300000000000782,0.1651638094576155,8.0,0.1460046012679495
3367,-0.3200000000000784,0.1563324211136455,8.0,0.13929407364059385
3368,-0.3100000000000786,0.1458132369591002,8.0,0.13289664296783607
3369,-0.3000000000000788,0.1338508047075814,8.0,0.12687029017485166
3370,-0.2900000000000791,0.1218883724560632,8.0,0.12126630001191382
3371,-0.2800000000000793,0.109925940204545,8.0,0.11612673854460329
3372,-0.2700000000000795,0.0998663771002883,8.0,0.11148206327178659
3373,-0.2600000000000797,0.0905423141946409,8.0,0.10734905163225594
3374,-0.2500000000000799,0.0816697090819127,8.0,0.10372924143149101
3375,-0.2400000000000801,0.0760472516420166,8.0,0.10060806417838852
3376,-0.2300000000000803,0.0733406573733599,8.0,0.0979548163381119
3377,-0.2200000000000805,0.0706340631047029,8.0,0.09572355425570336
3378,-0.2100000000000808,0.0705232426392978,8.0,0.09385492033432566
3379,-0.200000000000081,0.0739810986498702,8.0,0.09227881954279027
3380,-0.1900000000000812,0.0797968816846646,8.0,0.0909177782897585
3381,-0.1800000000000814,0.0860163384928567,8.0,0.08969074515687067
3382,-0.1700000000000816,0.0922357953010489,8.0,0.08851704652351539
3383,-0.1600000000000818,0.098455252109241,8.0,0.08732019733605315
3384,-0.150000000000082,0.1046747089174333,8.0,0.08603129000695459
3385,-0.1400000000000822,0.1108941657256255,8.0,0.0845917383395284
3386,-0.1300000000000825,0.1152492366224196,8.0,0.08295522903155675
3387,-0.1200000000000827,0.1197714474363565,8.0,0.08108881840285653
3388,-0.1100000000000829,0.1249574491365859,8.0,0.07897319399864677
3389,-0.1000000000000831,0.1275780813992073,8.0,0.07660218931518326
3390,-0.0900000000000833,0.1230968109324551,8.0,0.07398168849249914
3391,-0.0800000000000835,0.1171936719844995,8.0,0.07112808405900431
3392,-0.0700000000000837,0.1106219364666734,8.0,0.06806645606987172
3393,-0.0600000000000839,0.1040502009488474,8.0,0.06482862926324462
3394,-0.0500000000000842,0.0974784654310214,8.0,0.06145124148585727
3395,-0.0400000000000844,0.0909067299131953,8.0,0.05797392705677996
3396,-0.0300000000000846,0.0843349943953695,8.0,0.05443768765811214
3397,-0.0200000000000848,0.0777632588775431,8.0,0.050883494288267876
3398,-0.010000000000085,0.0711915233597173,8.0,0.047351139008940536
3399,-8.526512829121202e-14,0.0650155660912247,8.0,0.043878335712950446
3400,0.0099999999999145,0.0617965417147226,8.0,0.040500055080942295
3401,0.0199999999999143,0.0585775173382202,8.0,0.03724806981439401
3402,0.029999999999914,0.0546890615835222,8.0,0.0341506813265059
3403,0.0399999999999138,0.0496465689372611,8.0,0.031232597412438813
3404,0.0499999999999136,0.0448221483765501,8.0,0.028514931099389164
3405,0.0599999999999134,0.0408761669354831,8.0,0.02601529309729255
3406,0.0699999999999132,0.0369301854944157,8.0,0.023747953382986554
3407,0.079999999999913,0.0329842040533486,8.0,0.021724050960203127
3408,0.0899999999999128,0.0290382226122815,8.0,0.019951834393025995
3409,0.0999999999999126,0.0250922411712142,8.0,0.018436919079638063
3410,0.1099999999999123,0.021146259730147,8.0,0.017182550278992424
3411,0.1199999999999121,0.0172002782890798,8.0,0.01618986355820764
3412,0.1299999999999119,0.0132542968480127,8.0,0.015458136574824734
3413,0.1399999999999117,0.0093028680855287,8.0,0.014985027959400384
3414,0.1499999999999115,0.0053354149956571,8.0,0.014766800553197783
3415,0.1599999999999113,0.0013679619057861,8.0,0.014798527425661089
3416,0.1699999999999111,-0.0025994911840851,8.0,0.015074279992881419
3417,0.1799999999999109,-0.0030082927180326,8.0,0.015587298226516728
3418,0.1899999999999106,-0.0015041463590204,8.0,0.016330143424377268
3419,0.1999999999999104,-7.644002365450425e-15,8.0,0.017294834346312078
3420,0.2099999999999102,0.0015041463590049,8.0,0.018472967734171807
3421,0.21999999999991,0.0030082927180175,8.0,0.019855824359516834
3422,0.2299999999999098,0.00451243907703,8.0,0.021434461799611275
3423,0.2399999999999096,0.0060165854360424,8.0,0.023199795149215323
3424,0.2499999999999094,0.007520731795055,8.0,0.025142666847087637
3425,0.2599999999999092,0.0090248781540676,8.0,0.02725390674325589
3426,0.269999999999909,0.0110981045476351,8.0,0.02952438346470635
3427,0.2799999999999087,0.014603600159233,8.0,0.03194504805977338
3428,0.2899999999999085,0.0181090957708309,8.0,0.034506970820073916
3429,0.2999999999999083,0.0216145913824288,8.0,0.03720137209692576
3430,0.3099999999999081,0.0251200869940268,8.0,0.04001964784924413
3431,0.3199999999999079,0.0286255826056248,8.0,0.04295339058369722
3432,0.3299999999999077,0.0321310782172227,8.0,0.045994406276426765
3433,0.3399999999999075,0.0356365738288207,8.0,0.04913472779951588
3434,0.3499999999999073,0.0391420694404186,8.0,0.05236662531492756
3435,0.359999999999907,0.0426475650520165,8.0,0.05568261404376377
3436,0.3699999999999068,0.0461530606636145,8.0,0.059075459769358483
3437,0.3799999999999066,0.0496585562752126,8.0,0.06253818238855458
3438,0.3899999999999064,0.0531640518868104,8.0,0.06606405778626556
3439,0.3999999999999062,0.0566695474984084,8.0,0.0696466182736426
3440,0.409999999999906,0.0601750431100062,8.0,0.07327965179951276
3441,0.4199999999999058,0.0636805387216043,8.0,0.07695720011779902
3442,0.4299999999999055,0.0671860343332021,8.0,0.08067355607001778
3443,0.4399999999999053,0.0706915299448003,8.0,0.08442326012128556
3444,0.4499999999999051,0.0741970255563979,8.0,0.08820109627026743
3445,0.4599999999999049,0.0777025211679961,8.0,0.0920020874377819
3446,0.4699999999999047,0.081208016779594,8.0,0.0958214904251398
3447,0.4799999999999045,0.084713512391192,8.0,0.09965479052141665
3448,0.4899999999999043,0.0882190080027896,8.0,0.10349769582854312
3449,0.4999999999999041,0.0917245036143879,8.0,0.10734613136416027
3450,0.5099999999999039,0.0952299992259858,8.0,0.111196232994389
3451,0.5199999999999037,0.0987354948375839,8.0,0.11504434124191817
3452,0.5299999999999034,0.1022409904491819,8.0,0.11888699500893751
3453,0.5399999999999032,0.1057464860607798,8.0,0.12272092524931569
3454,0.549999999999903,0.1092519816723777,8.0,0.1265430486199797
3455,0.5599999999999028,0.1127574772839755,8.0,0.13035046113754462
3456,0.5699999999999026,0.1162629728955739,8.0,0.13414043186284236
3457,0.5799999999999024,0.1197684685071713,8.0,0.13791039663301138
3458,0.5899999999999022,0.1232739641187694,8.0,0.14165795185818258
3459,0.599999999999902,0.1267794597303673,8.0,0.1453808483974884
3460,0.6099999999999017,0.1302849553419656,8.0,0.14907698552707882
3461,0.6199999999999015,0.1337904509535634,8.0,0.1527444050110148
3462,0.6299999999999013,0.1372959465651611,8.0,0.15638128528432446
3463,0.6399999999999011,0.1408014421767593,8.0,0.1599859357560485
3464,0.6499999999999009,0.1443069377883571,8.0,0.1635567912388611
3465,0.6599999999999007,0.147812433399955,8.0,0.16709240651069304
3466,0.6699999999999005,0.151317929011553,8.0,0.17059145101276868
3467,0.6799999999999002,0.154823424623151,8.0,0.17405270368756232
3468,0.6899999999999,0.1583289202347493,8.0,0.17747504795935085
3469,0.6999999999998998,0.1618344158463472,8.0,0.18085746685930695
3470,0.7099999999998996,0.1653399114579452,8.0,0.18419903829641027
3471,0.7199999999998994,0.1688454070695428,8.0,0.18749893047486543
3472,0.7299999999998992,0.1723509026811411,8.0,0.19075639745817027
3473,0.739999999999899,0.1758563982927391,8.0,0.1939707748795106
3474,0.7499999999998987,0.179361893904337,8.0,0.19714147579771496
3475,0.7599999999998985,0.1828673895159347,8.0,0.20026798669762652
3476,0.7699999999998983,0.1863728851275325,8.0,0.20334986363340696
3477,0.7799999999998981,0.1898783807391309,8.0,0.20638672851297674
3478,0.7899999999998979,0.1933838763507288,8.0,0.20937826552153582
3479,0.7999999999998977,0.1968893719623266,8.0,0.212324217681862
3480,0.8099999999998975,0.2003948675739247,8.0,0.21522438354889878
3481,0.8199999999998973,0.2039003631855225,8.0,0.21807861403593226
3482,0.829999999999897,0.2074058587971208,8.0,0.22088680936954364
3483,0.8399999999998968,0.2109113544087187,8.0,0.22364891617036203
3484,0.8499999999998966,0.2144168500203165,8.0,0.22636492465655433
3485,0.8599999999998964,0.2179223456319146,8.0,0.22903486596689415
3486,0.8699999999998962,0.2214278412435123,8.0,0.23165880960018287
3487,0.879999999999896,0.2249333368551103,8.0,0.23423686096774954
3488,0.8899999999998958,0.2284388324667083,8.0,0.23676915905570833
3489,0.8999999999998956,0.2319443280783062,8.0,0.23925587419364636
3490,0.9099999999998952,0.2354498236899042,8.0,0.24169720592638594
3491,0.9199999999998952,0.2389553193015023,8.0,0.2440933809854881
3492,0.9299999999998948,0.2424608149131003,8.0,0.24644465135715898
3493,0.9399999999998948,0.2459663105246977,8.0,0.24875129244325372
3494,0.9499999999998944,0.2494718061362959,8.0,0.2510136013120989
3495,0.9599999999998944,0.2529773017478936,8.0,0.25323189503589777
3496,0.969999999999894,0.2553791793609095,8.0,0.2554065091115204
3497,0.9799999999998938,0.2575468190285384,8.0,0.25753779596153986
3498,0.9899999999998936,0.2597144586961674,8.0,0.2596261235124257
3499,0.9999999999998934,0.2618820983637965,8.0,0.2616718738468702
3500,1.0099999999998932,0.2640497380314256,8.0,0.2636754419272913
3501,1.019999999999893,0.2662173776990545,8.0,0.26563723438761183
3502,1.0299999999998928,0.2683850173666838,8.0,0.2675576683905028
3503,1.0399999999998926,0.2705526570343131,8.0,0.2694371705473357
3504,1.0499999999998924,0.2727202967019418,8.0,0.27127617589817266
3505,1.059999999999892,0.2748879363695709,8.0,0.2730751269491986
3506,1.069999999999892,0.2770555760372002,8.0,0.2748344727650704
3507,1.0799999999998915,0.279223215704829,8.0,0.2765546681137423
3508,1.0899999999998915,0.2813908553724585,8.0,0.27823617266140255
3509,1.0999999999998913,0.2835584950400874,8.0,0.2798794502152311
3510,1.109999999999891,0.2857261347077165,8.0,0.2814849680117671
3511,1.1199999999998909,0.2878937743753453,8.0,0.2830531960487563
3512,1.1299999999998906,0.2900614140429745,8.0,0.2845846064584096
3513,1.1399999999998904,0.2922290537106035,8.0,0.2860796729201063
3514,1.1499999999998902,0.2943966933782325,8.0,0.28753887011061113
3515,1.15999999999989,0.2965643330458619,8.0,0.28896267318998636
3516,1.1699999999998898,0.2987319727134909,8.0,0.290351557321421
3517,1.1799999999998896,0.3008996123811197,8.0,0.29170599722328666
3518,1.1899999999998894,0.3030672520487487,8.0,0.2930264667517896
3519,1.1999999999998892,0.3052348917163779,8.0,0.29431343851265446
3520,1.209999999999889,0.3074025313840063,8.0,0.29556738350034917
3521,1.2199999999998887,0.309570171051636,8.0,0.2967887707634074
3522,1.2299999999998883,0.3117378107192647,8.0,0.2979780670944844
3523,1.2399999999998883,0.3139054503868939,8.0,0.2991357367438245
3524,1.249999999999888,0.3160730900545232,8.0,0.30026224115489175
3525,1.259999999999888,0.3182407297221519,8.0,0.30135803872095274
3526,1.2699999999998877,0.3204083693897811,8.0,0.30242358456147833
3527,1.2799999999998877,0.3225760090574102,8.0,0.3034593303172544
3528,1.2899999999998872,0.3247436487250394,8.0,0.3044657239631691
3529,1.299999999999887,0.3269112883926685,8.0,0.3054432096376751
3530,1.3099999999998868,0.3290789280602972,8.0,0.30639222748797657
3531,1.3199999999998866,0.3312465677279267,8.0,0.3073132135300392
3532,1.3299999999998864,0.3334142073955555,8.0,0.30820659952256
3533,1.3399999999998862,0.3355818470631848,8.0,0.3090728128540754
3534,1.349999999999886,0.3377494867308139,8.0,0.3099122764424344
3535,1.3599999999998855,0.3399171263984427,8.0,0.31072540864588233
3536,1.3699999999998855,0.342084766066072,8.0,0.3115126231850673
3537,1.379999999999885,0.344252405733701,8.0,0.31227432907528263
3538,1.389999999999885,0.3464200454013302,8.0,0.3130109305683212
3539,1.399999999999885,0.3485876850689592,8.0,0.31372282710333127
3540,1.409999999999885,0.3507553247365882,8.0,0.3144104132661043
3541,1.4199999999998845,0.352922964404217,8.0,0.3150740787562499
3542,1.4299999999998845,0.3550906040718463,8.0,0.3157142083617437
3543,1.439999999999884,0.3572582437394753,8.0,0.3163311819403559
3544,1.4499999999998838,0.3594258834071046,8.0,0.31692537440750757
3545,1.4599999999998836,0.3615935230747333,8.0,0.3174971557301062
3546,1.4699999999998834,0.3637611627423627,8.0,0.3180468909259514
3547,1.4799999999998832,0.3659288024099916,8.0,0.3185749400683202
3548,1.489999999999883,0.3680964420776207,8.0,0.31908165829535823
3549,1.4999999999998828,0.3702640817452493,8.0,0.319567395823928
3550,1.5099999999998823,0.3724317214128788,8.0,0.32003249796758143
3551,1.5199999999998823,0.3745993610805081,8.0,0.3204773051583492
3552,1.529999999999882,0.3767670007481367,8.0,0.32090215297204344
3553,1.539999999999882,0.3789346404157659,8.0,0.3213073721568041
3554,1.5499999999998817,0.3811022800833952,8.0,0.3216932886646227
3555,1.5599999999998817,0.3832699197510241,8.0,0.3220602236855943
3556,1.5699999999998813,0.385437559418653,8.0,0.32240849368466606
3557,1.579999999999881,0.3876051990862826,8.0,0.3227384104406664
3558,1.5899999999998808,0.3897728387539116,8.0,0.3230502810874034
3559,1.5999999999998806,0.3919404784215404,8.0,0.3233444081566378
3560,1.6099999999998804,0.3945877841519787,8.0,0.32362108962275515
3561,1.6199999999998802,0.3973476361344645,8.0,0.3238806189489559
3562,1.62999999999988,0.4001074881169501,8.0,0.32412328513480965
3563,1.6399999999998798,0.4028673400994361,8.0,0.32434937276501796
3564,1.6499999999998796,0.4056271920819219,8.0,0.32455916205924745
3565,1.6599999999998791,0.4083870440644076,8.0,0.3247529289228953
3566,1.6699999999998791,0.4111468960468935,8.0,0.32493094499867115
3567,1.679999999999879,0.4139067480293791,8.0,0.32509347771886754
3568,1.6899999999998787,0.4166666000118649,8.0,0.3252407903582205
3569,1.6999999999998785,0.4194264519943508,8.0,0.3253731420872533
3570,1.7099999999998785,0.4221863039768369,8.0,0.3254907880260068
3571,1.719999999999878,0.4249461559593224,8.0,0.3255939792980739
3572,1.729999999999878,0.4277060079418081,8.0,0.3256829630848483
3573,1.7399999999998776,0.430465859924294,8.0,0.32575798267991973
3574,1.7499999999998774,0.4332257119067795,8.0,0.3258192775435295
3575,1.7599999999998772,0.4359855638892655,8.0,0.32586708335704057
3576,1.769999999999877,0.4387454158717512,8.0,0.32590163207734024
3577,1.7799999999998768,0.4415052678542371,8.0,0.3259231519911324
3578,1.7899999999998766,0.444265119836723,8.0,0.3259318677690589
3579,1.7999999999998764,0.4470249718192089,8.0,0.32592800051960896
3580,1.809999999999876,0.4497848238016945,8.0,0.3259117678427594
3581,1.819999999999876,0.4525446757841801,8.0,0.3258833838833174
3582,1.829999999999876,0.4553045277666661,8.0,0.32584305938392294
3583,1.8399999999998755,0.4580643797491522,8.0,0.32579100173766945
3584,1.8499999999998755,0.4608242317316378,8.0,0.32572741504032404
3585,1.859999999999875,0.4635840837141234,8.0,0.32565250014210473
3586,1.8699999999998749,0.4663439356966092,8.0,0.3255664546990009
3587,1.8799999999998749,0.469103787679095,8.0,0.32546947322360004
3588,1.8899999999998744,0.4718636396615808,8.0,0.32536174713541144
3589,1.8999999999998745,0.4746234916440666,8.0,0.3252434648106597
3590,1.909999999999874,0.4773833436265524,8.0,0.3251148116315327
3591,1.9199999999998736,0.4801431956090384,8.0,0.32497597003486867
3592,1.9299999999998736,0.4829030475915242,8.0,0.3248271195602721
3593,1.9399999999998732,0.4856628995740097,8.0,0.324668436897637
3594,1.9499999999998727,0.4884227515564957,8.0,0.32450009593407936
3595,1.959999999999873,0.4911826035389815,8.0,0.3243222678002618
3596,1.9699999999998727,0.4939424555214671,8.0,0.32413512091610486
3597,1.9799999999998723,0.4967023075039531,8.0,0.3239388210358777
3598,1.9899999999998723,0.4994621594864389,8.0,0.3237335312926667
3599,1.999999999999872,0.5022220114689249,8.0,0.32351941224221403
3600,-1.9900000000000428,0.902261416552136,9.0,0.9513034358586935
3601,-1.980000000000043,0.9032241160240416,9.0,0.951166983258883
3602,-1.9700000000000435,0.9041868154959476,9.0,0.9510328091140628
3603,-1.9600000000000437,0.9051495149678532,9.0,0.9509009797902513
3604,-1.950000000000044,0.9061122144397592,9.0,0.9507715630145079
3605,-1.940000000000044,0.907074913911665,9.0,0.9506446278977144
3606,-1.930000000000044,0.9080376133835708,9.0,0.9505202449574512
3607,-1.9200000000000443,0.9090003128554768,9.0,0.9503984861409445
3608,-1.9100000000000448,0.9099630123273824,9.0,0.9502794248480596
3609,-1.9000000000000448,0.9109257117992882,9.0,0.9501631359543201
3610,-1.890000000000045,0.911888411271194,9.0,0.9500496958339172
3611,-1.8800000000000447,0.9128511107430998,9.0,0.9499391823826873
3612,-1.8700000000000452,0.9138138102150056,9.0,0.949831675041021
3613,-1.8600000000000456,0.9147765096869114,9.0,0.9497272548166678
3614,-1.8500000000000456,0.9157392091588172,9.0,0.9496260043074022
3615,-1.840000000000046,0.9167019086307232,9.0,0.9495280077235093
3616,-1.8300000000000465,0.9176646081026288,9.0,0.9494333509100461
3617,-1.8200000000000465,0.9186273075745348,9.0,0.9493421213688312
3618,-1.810000000000047,0.9195900070464404,9.0,0.9492544082801162
3619,-1.800000000000047,0.9205527065183462,9.0,0.9491703025238785
3620,-1.790000000000047,0.921515405990252,9.0,0.9490898967006859
3621,-1.780000000000047,0.9223660572564542,9.0,0.9490132851520632
3622,-1.7700000000000475,0.9231996427603713,9.0,0.9489405639803004
3623,-1.7600000000000475,0.9240332282642882,9.0,0.9488718310676285
3624,-1.750000000000048,0.9248668137682056,9.0,0.9488071860946874
3625,-1.7400000000000482,0.9257003992721224,9.0,0.9487467305582044
3626,-1.7300000000000484,0.9265339847760394,9.0,0.948690567787797
3627,-1.7200000000000486,0.9273675702799564,9.0,0.948638802961806
3628,-1.7100000000000488,0.9282011557838736,9.0,0.94859154312206
3629,-1.700000000000049,0.9290347412877906,9.0,0.9485488971874636
3630,-1.6900000000000492,0.9298683267917076,9.0,0.9485109759662972
3631,-1.6800000000000497,0.9307019122956248,9.0,0.9484778921671065
3632,-1.6700000000000497,0.931535497799542,9.0,0.9484497604080514
3633,-1.66000000000005,0.9323690833034588,9.0,0.9484266972245734
3634,-1.65000000000005,0.933202668807376,9.0,0.9484088210752415
3635,-1.6400000000000503,0.9338705753274718,9.0,0.9483962523456053
3636,-1.6300000000000503,0.9345201248293452,9.0,0.9483891133498995
3637,-1.6200000000000507,0.9351696743312188,9.0,0.9483875283304117
3638,-1.610000000000051,0.9358192238330924,9.0,0.9483916234543219
3639,-1.6000000000000512,0.9364687733349658,9.0,0.9484015268078124
3640,-1.5900000000000514,0.9371183228368394,9.0,0.9484173683872215
3641,-1.5800000000000516,0.9377678723387128,9.0,0.9484392800870134
3642,-1.5700000000000518,0.9384174218405864,9.0,0.9484673956843095
3643,-1.560000000000052,0.93906697134246,9.0,0.9485018508197157
3644,-1.5500000000000522,0.9397165208443335,9.0,0.9485427829741592
3645,-1.5400000000000524,0.940366070346207,9.0,0.9485903314414323
3646,-1.5300000000000529,0.9410156198480804,9.0,0.9486446372961115
3647,-1.5200000000000529,0.941665169349954,9.0,0.9487058433565135
3648,-1.510000000000053,0.9423147188518276,9.0,0.948774094142303
3649,-1.5000000000000533,0.9429642683537012,9.0,0.94884953582637
3650,-1.4900000000000535,0.9436138178555746,9.0,0.948932316180537
3651,-1.4800000000000535,0.944263367357448,9.0,0.9490225845146535
3652,-1.470000000000054,0.9449129168593215,9.0,0.9491204916085835
3653,-1.460000000000054,0.9455624663611952,9.0,0.9492261896365718
3654,-1.4500000000000544,0.9462120158630688,9.0,0.949339832083431
3655,-1.4400000000000546,0.9468615653649424,9.0,0.9494615736519526
3656,-1.4300000000000548,0.9475111148668158,9.0,0.9495915701609109
3657,-1.420000000000055,0.9481606643686894,9.0,0.9497299784329702
3658,-1.4100000000000552,0.948810213870563,9.0,0.9498769561717733
3659,-1.4000000000000554,0.9494597633724364,9.0,0.9500326618274224
3660,-1.3900000000000556,0.95010931287431,9.0,0.9501972544495215
3661,-1.3800000000000558,0.9507588623761836,9.0,0.9503708935268743
3662,-1.370000000000056,0.9514084118780572,9.0,0.9505537388128857
3663,-1.3600000000000565,0.9520579613799304,9.0,0.9507459501356238
3664,-1.3500000000000565,0.9527075108818042,9.0,0.9509476871914441
3665,-1.3400000000000567,0.9533570603836776,9.0,0.9511591093209869
3666,-1.330000000000057,0.9540066098855512,9.0,0.9513803752662704
3667,-1.3200000000000571,0.9546561593874248,9.0,0.9516116429075191
3668,-1.3100000000000571,0.9553057088892984,9.0,0.9518530689782532
3669,-1.3000000000000576,0.9559552583911716,9.0,0.95210480875707
3670,-1.2900000000000578,0.9566048078930453,9.0,0.9523670157344227
3671,-1.280000000000058,0.9572543573949188,9.0,0.9526398412525774
3672,-1.2700000000000582,0.9579039068967924,9.0,0.9529234341168065
3673,-1.2600000000000584,0.9585534563986658,9.0,0.9532179401757088
3674,-1.2500000000000586,0.9592030059005394,9.0,0.9535235018684188
3675,-1.2400000000000588,0.9598525554024128,9.0,0.9538402577362762
3676,-1.230000000000059,0.9605021049042864,9.0,0.9541683418963631
3677,-1.2200000000000593,0.96115165440616,9.0,0.9545078834741175
3678,-1.2100000000000597,0.9618012039080334,9.0,0.954859005992023
3679,-1.2000000000000597,0.9624507534099068,9.0,0.9552218267111585
3680,-1.19000000000006,0.9631003029117804,9.0,0.9555964559221519
3681,-1.18000000000006,0.9637498524136542,9.0,0.9559829961818306
3682,-1.1700000000000603,0.9643994019155276,9.0,0.9563815414915862
3683,-1.1600000000000603,0.9650489514174012,9.0,0.9567921764131919
3684,-1.1500000000000608,0.9656985009192748,9.0,0.9572149751174983
3685,-1.140000000000061,0.966348050421148,9.0,0.9576500003611126
3686,-1.1300000000000612,0.9669975999230216,9.0,0.9580973023858198
3687,-1.1200000000000614,0.9676471494248952,9.0,0.958556917735151
3688,-1.1100000000000616,0.9682966989267688,9.0,0.9590288679821104
3689,-1.1000000000000618,0.9689462484286422,9.0,0.9595131583616928
3690,-1.090000000000062,0.969595797930516,9.0,0.9600097763013928
3691,-1.0800000000000622,0.9702453474323894,9.0,0.9605186898424952
3692,-1.0700000000000625,0.9708948969342628,9.0,0.9610398459444839
3693,-1.060000000000063,0.9715444464361364,9.0,0.9615731686644754
3694,-1.0500000000000629,0.97219399593801,9.0,0.9621185572031141
3695,-1.040000000000063,0.9728435454398834,9.0,0.9626758838079482
3696,-1.0300000000000633,0.973493094941757,9.0,0.9632449915248481
3697,-1.0200000000000635,0.9741426444436304,9.0,0.963825691787634
3698,-1.0100000000000635,0.974792193945504,9.0,0.9644177618357014
3699,-1.000000000000064,0.9754417434473776,9.0,0.9650209419491078
3700,-0.9900000000000642,0.9760912929492512,9.0,0.965634932490336
3701,-0.9800000000000644,0.9767408424511248,9.0,0.9662593907417917
3702,-0.9700000000000646,0.977390391952998,9.0,0.9668939275280587
3703,-0.9600000000000648,0.9780399414548716,9.0,0.9675381036120689
3704,-0.950000000000065,0.9786894909567452,9.0,0.9681914258546722
3705,-0.9400000000000652,0.9793390404586186,9.0,0.9688533431276714
3706,-0.9300000000000654,0.9799885899604922,9.0,0.9695232419712988
3707,-0.9200000000000657,0.980638139462366,9.0,0.9702004419883884
3708,-0.910000000000066,0.9812876889642396,9.0,0.9708841909692598
3709,-0.9000000000000661,0.9819372384661128,9.0,0.9715736597436762
3710,-0.8900000000000663,0.9825867879679864,9.0,0.9722679367592576
3711,-0.8800000000000665,0.9832363374698598,9.0,0.9729660223896149
3712,-0.8700000000000667,0.9838858869717334,9.0,0.9736668229803255
3713,-0.8600000000000669,0.984535436473607,9.0,0.9743691446469384
3714,-0.8500000000000671,0.9851849859754804,9.0,0.9750716868466711
3715,-0.8400000000000674,0.985834535477354,9.0,0.975773035754584
3716,-0.8300000000000676,0.9864840849792276,9.0,0.9764716574861274
3717,-0.8200000000000678,0.9871336344811013,9.0,0.9771658912213176
3718,-0.810000000000068,0.9877831839829744,9.0,0.9778539423018482
3719,-0.8000000000000682,0.988432733484848,9.0,0.9785338753915558
3720,-0.7900000000000684,0.9890822829867216,9.0,0.9792036078133086
3721,-0.7800000000000686,0.9897318324885952,9.0,0.9798609032021145
3722,-0.7700000000000689,0.9903813819904688,9.0,0.9805033656455333
3723,-0.7600000000000691,0.9910309314923422,9.0,0.9811284345189929
3724,-0.7500000000000693,0.9916693055876082,9.0,0.9817333802658992
3725,-0.7400000000000695,0.9920468926737284,9.0,0.9823153014211273
3726,-0.7300000000000697,0.9924244797598482,9.0,0.9828711232321838
3727,-0.7200000000000699,0.992802066845968,9.0,0.9833975982955646
3728,-0.7100000000000701,0.9931796539320876,9.0,0.9838913096969982
3729,-0.7000000000000703,0.9935572410182076,9.0,0.9843486772236311
3730,-0.6900000000000706,0.9939348281043277,9.0,0.9847659673037095
3731,-0.6800000000000708,0.9943124151904474,9.0,0.9851393074245255
3732,-0.670000000000071,0.9946900022765672,9.0,0.9854647058813651
3733,-0.6600000000000712,0.995067589362687,9.0,0.9857380778171809
3734,-0.6500000000000714,0.9954451764488071,9.0,0.9859552786220955
3735,-0.6400000000000716,0.9958227635349268,9.0,0.9861121458696619
3736,-0.6300000000000718,0.9962003506210468,9.0,0.9862045510676167
3737,-0.620000000000072,0.9965779377071664,9.0,0.9862284625871783
3738,-0.6100000000000723,0.9969555247932864,9.0,0.9861800211969086
3739,-0.6000000000000725,0.9973331118794064,9.0,0.9860556296520318
3740,-0.5900000000000727,0.9977106989655262,9.0,0.9858520577617562
3741,-0.5800000000000729,0.998088286051646,9.0,0.9855665642555405
3742,-0.5700000000000731,0.998465873137766,9.0,0.9851970365700798
3743,-0.5600000000000733,0.9988434602238856,9.0,0.9847421493532135
3744,-0.5500000000000735,0.9992210473100056,9.0,0.9842015419953852
3745,-0.5400000000000738,0.9995986343961256,9.0,0.9835760148161704
3746,-0.530000000000074,0.9999762214822454,9.0,0.9828677426117542
3747,-0.5200000000000742,1.00008171594512,9.0,0.9820805030670438
3748,-0.5100000000000744,1.00004085797256,9.0,0.9812199160130046
3749,-0.5000000000000746,1.0000000000000002,9.0,0.9802936876320832
3750,-0.4900000000000748,0.999726814385578,9.0,0.9793118514616489
3751,-0.480000000000075,0.9993453818796604,9.0,0.97828699541897
3752,-0.4700000000000752,0.998963949373743,9.0,0.9772344611070082
3753,-0.4600000000000754,0.9985825168678256,9.0,0.9761724984423993
3754,-0.4500000000000757,0.998201084361908,9.0,0.9751223553248486
3755,-0.4400000000000759,0.9978196518559904,9.0,0.9741082788737664
3756,-0.4300000000000761,0.9974382193500728,9.0,0.9731574020273959
3757,-0.4200000000000763,0.9970567868441552,9.0,0.9722994874802755
3758,-0.4100000000000765,0.9966753543382376,9.0,0.9715665005933645
3759,-0.4000000000000767,0.9962939218323202,9.0,0.9709919847195272
3760,-0.3900000000000769,0.9959124893264024,9.0,0.9706102170845714
3761,-0.3800000000000771,0.9955310568204848,9.0,0.9704551316835848
3762,-0.3700000000000774,0.9951496243145674,9.0,0.970559008204216
3763,-0.3600000000000776,0.9947681918086498,9.0,0.9709509430980191
3764,-0.3500000000000778,0.9943867593027323,9.0,0.9716551404269411
3765,-0.340000000000078,0.9940053267968147,9.0,0.9726890851498632
3766,-0.3300000000000782,0.9937882373207348,9.0,0.9740616883256135
3767,-0.3200000000000784,0.9936819288290096,9.0,0.975771519543115
3768,-0.3100000000000786,0.9935756203372844,9.0,0.9778052630721059
3769,-0.3000000000000788,0.9934693118455592,9.0,0.9801365464726576
3770,-0.2900000000000791,0.993363003353834,9.0,0.9827252894027094
3771,-0.2800000000000793,0.9932566948621088,9.0,0.9855177026419644
3772,-0.2700000000000795,0.9931503863703836,9.0,0.9884470312371483
3773,-0.2600000000000797,0.9930440778786584,9.0,0.9914350821944354
3774,-0.2500000000000799,0.9929377693869332,9.0,0.9943945105421214
3775,-0.2400000000000801,0.992831460895208,9.0,0.9972317651977887
3776,-0.2300000000000803,0.9927205043616192,9.0,0.9998505274314978
3777,-0.2200000000000805,0.9927115396841736,9.0,1.002155419939035
3778,-0.2100000000000808,0.9926131254440748,9.0,1.0040557323365231
3779,-0.200000000000081,0.9922120684355278,9.0,1.0054689046751524
3780,-0.1900000000000812,0.9915835046149174,9.0,1.006323535229671
3781,-0.1800000000000814,0.9909549407943072,9.0,1.0065617284460553
3782,-0.1700000000000816,0.9903263769736969,9.0,1.0061406657450167
3783,-0.1600000000000818,0.9896978131530868,9.0,1.0050333558630045
3784,-0.150000000000082,0.9890692493324764,9.0,1.003228592407973
3785,-0.1400000000000822,0.9877563541948235,9.0,1.0007302058497585
3786,-0.1300000000000825,0.9861959989783728,9.0,0.9975557397310114
3787,-0.1200000000000827,0.9813364511520916,9.0,0.993734704326156
3788,-0.1100000000000829,0.9763929400027336,9.0,0.9893065662091899
3789,-0.1000000000000831,0.9714494288533752,9.0,0.9843186223757181
3790,-0.0900000000000833,0.9665059177040168,9.0,0.9788238870736335
3791,-0.0800000000000835,0.9615624065546584,9.0,0.9728790929482344
3792,-0.0700000000000837,0.9568393675204616,9.0,0.966542879630513
3793,-0.0600000000000839,0.953132438469274,9.0,0.9598742157007365
3794,-0.0500000000000842,0.9500521209050043,9.0,0.9529310761829795
3795,-0.0400000000000844,0.9469718033407348,9.0,0.9457693785031804
3796,-0.0300000000000846,0.9429863947908071,9.0,0.9384421654888049
3797,-0.0200000000000848,0.9384743798237184,9.0,0.9309990142362211
3798,-0.010000000000085,0.9339623648566296,9.0,0.923485643904808
3799,-8.526512829121202e-14,0.9294503498895408,9.0,0.9159436929357848
3800,0.0099999999999145,0.924943564792728,9.0,0.9084106360378904
3801,0.0199999999999143,0.9211840822547824,9.0,0.9009198127970817
3802,0.029999999999914,0.9175515901118156,9.0,0.8935005423327785
3803,0.0399999999999138,0.9139190979688488,9.0,0.8861783015481002
3804,0.0499999999999136,0.910286605825882,9.0,0.8789749478412722
3805,0.0599999999999134,0.9066541136829152,9.0,0.8719089704060856
3806,0.0699999999999132,0.9028261002699742,9.0,0.8649957572879441
3807,0.079999999999913,0.8989240508297826,9.0,0.8582478680858937
3808,0.0899999999999128,0.8950220013895909,9.0,0.851675304558778
3809,0.0999999999999126,0.8911199519493993,9.0,0.8452857733994347
3810,0.1099999999999123,0.8872179025092076,9.0,0.8390849371018683
3811,0.1199999999999121,0.8833158530690159,9.0,0.8330766501931092
3812,0.1299999999999119,0.8794310590689275,9.0,0.827263179171237
3813,0.1399999999999117,0.8755595690337367,9.0,0.821645405322868
3814,0.1499999999999115,0.8716880789985456,9.0,0.8162230102252764
3815,0.1599999999999113,0.8678165889633548,9.0,0.8109946442054037
3816,0.1699999999999111,0.8639450989281638,9.0,0.8059580783615107
3817,0.1799999999999109,0.860073608892973,9.0,0.8011103409803735
3818,0.1899999999999106,0.856202118857782,9.0,0.7964478393267306
3819,0.1999999999999104,0.8520397674178996,9.0,0.7919664678613484
3820,0.2099999999999102,0.8474122606459655,9.0,0.7876617039753467
3821,0.21999999999991,0.8427847538740314,9.0,0.783528692324093
3822,0.2299999999999098,0.8381572471020973,9.0,0.779562318814097
3823,0.2399999999999096,0.8335297403301632,9.0,0.7757572752490176
3824,0.2499999999999094,0.8289022335582291,9.0,0.7721081155822344
3825,0.2599999999999092,0.8242747267862951,9.0,0.7686093046582176
3826,0.269999999999909,0.8196472200143611,9.0,0.7652552602566919
3827,0.2799999999999087,0.815019713242427,9.0,0.7620403891849235
3828,0.2899999999999085,0.8103922064704928,9.0,0.7589591180962575
3829,0.2999999999999083,0.8057646996985588,9.0,0.756005919648544
3830,0.3099999999999081,0.8011371929266248,9.0,0.753175334555196
3831,0.3199999999999079,0.7965096861546906,9.0,0.7504619900247781
3832,0.3299999999999077,0.7918821793827566,9.0,0.7478606150325101
3833,0.3399999999999075,0.7872546726108225,9.0,0.7453660528189392
3834,0.3499999999999073,0.7826271658388884,9.0,0.7429732709672002
3835,0.359999999999907,0.7782650721585556,9.0,0.7406773693706074
3836,0.3699999999999068,0.7757367706188106,9.0,0.7384735863665692
3837,0.3799999999999066,0.7732084690790658,9.0,0.7363573032807315
3838,0.3899999999999064,0.7706801675393209,9.0,0.7343240475965455
3839,0.3999999999999062,0.768151865999576,9.0,0.7323694949398908
3840,0.409999999999906,0.7656235644598309,9.0,0.7304894700455946
3841,0.4199999999999058,0.7630952629200862,9.0,0.7286799468525049
3842,0.4299999999999055,0.7605669613803412,9.0,0.7269370478558684
3843,0.4399999999999053,0.7580386598405963,9.0,0.7252570428299382
3844,0.4499999999999051,0.7555103583008513,9.0,0.7236363470197338
3845,0.4599999999999049,0.7529820567611065,9.0,0.722071518888556
3846,0.4699999999999047,0.7504537552213616,9.0,0.720559257496954
3847,0.4799999999999045,0.7479254536816167,9.0,0.7190963995792758
3848,0.4899999999999043,0.7453971521418717,9.0,0.7176799163754713
3849,0.4999999999999041,0.7428688506021268,9.0,0.7163069102684088
3850,0.5099999999999039,0.7403405490623818,9.0,0.7149746112704112
3851,0.5199999999999037,0.7378122475226371,9.0,0.7136803733969852
3852,0.5299999999999034,0.7352839459828919,9.0,0.7124216709606532
3853,0.5399999999999032,0.7327556444431471,9.0,0.7111960948133591
3854,0.549999999999903,0.7305100885313695,9.0,0.710001348562012
3855,0.5599999999999028,0.7287344998582781,9.0,0.708835244778297
3856,0.5699999999999026,0.7269589111851869,9.0,0.7076957012208686
3857,0.5799999999999024,0.7251833225120954,9.0,0.7065807370853885
3858,0.5899999999999022,0.7232984155293442,9.0,0.7054884692955433
3859,0.599999999999902,0.7212388193538086,9.0,0.7044171088461303
3860,0.6099999999999017,0.7191792231782731,9.0,0.7033649572075004
3861,0.6199999999999015,0.7171196270027375,9.0,0.7023304027990802
3862,0.6299999999999013,0.7150600308272022,9.0,0.7013119175383028
3863,0.6399999999999011,0.7130544606349867,9.0,0.7003080534700707
3864,0.6499999999999009,0.711101393364818,9.0,0.6993174394808114
3865,0.6599999999999007,0.7091483260946493,9.0,0.6983387781002565
3866,0.6699999999999005,0.7071952588244805,9.0,0.6973708423932697
3867,0.6799999999999002,0.7052421915543117,9.0,0.6964124729433322
3868,0.6899999999999,0.703289124284143,9.0,0.6954625749286881
3869,0.6999999999998998,0.7013360570139743,9.0,0.6945201152916132
3870,0.7099999999998996,0.6993829897438053,9.0,0.6935841200008042
3871,0.7199999999998994,0.6974299224736367,9.0,0.692653671406495
3872,0.7299999999998992,0.6954768552034679,9.0,0.6917279056875563
3873,0.739999999999899,0.6935237879332992,9.0,0.6908060103895397
3874,0.7499999999998987,0.6915707206631304,9.0,0.6898872220523887
3875,0.7599999999998985,0.6896176533929617,9.0,0.6889708239263079
3876,0.7699999999998983,0.6876907147989275,9.0,0.6880561437741368
3877,0.7799999999998981,0.6859535052506422,9.0,0.6871425517583888
3878,0.7899999999998979,0.6838278653733766,9.0,0.6862294584110371
3879,0.7999999999998977,0.6815295803488752,9.0,0.6853163126840041
3880,0.8099999999998975,0.6792312953243741,9.0,0.6844026000782497
3881,0.8199999999998973,0.6769330102998727,9.0,0.6834878408493006
3882,0.829999999999897,0.6746347252753714,9.0,0.6825715882870153
3883,0.8399999999998968,0.6723364402508701,9.0,0.6816534270673573
3884,0.8499999999998966,0.6700381552263689,9.0,0.6807329716739392
3885,0.8599999999998964,0.6677398702018676,9.0,0.6798098648870932
3886,0.8699999999998962,0.6654415851773662,9.0,0.6788837763382349
3887,0.879999999999896,0.663143300152865,9.0,0.6779544011273018
3888,0.8899999999998958,0.6608450151283638,9.0,0.6770214585010692
3889,0.8999999999998956,0.6585467301038626,9.0,0.6760846905901793
3890,0.9099999999998952,0.6562484450793611,9.0,0.6751438612027425
3891,0.9199999999998952,0.6541132663576685,9.0,0.6741987546724263
3892,0.9299999999998948,0.6526128167237909,9.0,0.6732491747589715
3893,0.9399999999998948,0.6511123670899136,9.0,0.6722949435991286
3894,0.9499999999998944,0.649611917456036,9.0,0.6713359007060549
3895,0.9599999999998944,0.6481114678221588,9.0,0.6703719020152611
3896,0.969999999999894,0.646611018188281,9.0,0.6694028189752457
3897,0.9799999999998938,0.645110568554404,9.0,0.668428537681009
3898,0.9899999999998936,0.6436101189205263,9.0,0.6674489580486901
3899,0.9999999999998934,0.6421096692866489,9.0,0.6664639930296259
3900,1.0099999999998932,0.6406092196527714,9.0,0.6654735678621799
3901,1.019999999999893,0.6391087700188941,9.0,0.6644776193597492
3902,1.0299999999998928,0.6376083203850166,9.0,0.6634760952333971
3903,1.0399999999998926,0.6361078707511391,9.0,0.6624689534476352
3904,1.0499999999998924,0.6346074211172618,9.0,0.661456161607901
3905,1.059999999999892,0.6331069714833842,9.0,0.6604376963783519
3906,1.069999999999892,0.6316065218495068,9.0,0.6594135429286417
3907,1.0799999999998915,0.6301060722156295,9.0,0.6583836944083796
3908,1.0899999999998915,0.6286056225817521,9.0,0.6573481514480457
3909,1.0999999999998913,0.6271051729478744,9.0,0.6563069216851625
3910,1.109999999999891,0.6256047233139971,9.0,0.6552600193145801
3911,1.1199999999998909,0.6241042736801197,9.0,0.6542074646617736
3912,1.1299999999998906,0.622603824046242,9.0,0.6531492837780958
3913,1.1399999999998904,0.6211033744123649,9.0,0.6520855080569706
3914,1.1499999999998902,0.6196029247784872,9.0,0.6510161738700517
3915,1.15999999999989,0.61810247514461,9.0,0.6499413222224226
3916,1.1699999999998898,0.6166020255107325,9.0,0.6488609984259289
3917,1.1799999999998896,0.615101575876855,9.0,0.6477752517897992
3918,1.1899999999998894,0.6136011262429775,9.0,0.646684135327728
3919,1.1999999999998892,0.6121006766091,9.0,0.6455877054806355
3920,1.209999999999889,0.6106002269752225,9.0,0.6444860218543548
3921,1.2199999999998887,0.6090997773413452,9.0,0.6433791469715258
3922,1.2299999999998883,0.607599327707468,9.0,0.6422671460370097
3923,1.2399999999998883,0.6060988780735904,9.0,0.6411500867161618
3924,1.249999999999888,0.6045984284397131,9.0,0.6400280389253448
3925,1.259999999999888,0.6030979788058356,9.0,0.6389010746340718
3926,1.2699999999998877,0.601597529171958,9.0,0.6377692676782091
3927,1.2799999999998877,0.6000970795380807,9.0,0.6366326935836996
3928,1.2899999999998872,0.5985966299042033,9.0,0.6354914294002659
3929,1.299999999999887,0.5970961802703257,9.0,0.6343455535446164
3930,1.3099999999998868,0.5955957306364481,9.0,0.6331951456526614
3931,1.3199999999998866,0.5940952810025709,9.0,0.6320402864402949
3932,1.3299999999998864,0.5925948313686935,9.0,0.6308810575723041
3933,1.3399999999998862,0.591094381734816,9.0,0.6297175415389988
3934,1.349999999999886,0.5895939321009385,9.0,0.6285498215401623
3935,1.3599999999998855,0.5880934824670612,9.0,0.6273779813759519
3936,1.3699999999998855,0.586542422116424,9.0,0.6262021053443932
3937,1.379999999999885,0.5845757337293234,9.0,0.6250222781451228
3938,1.389999999999885,0.5826090453422228,9.0,0.6238385847890613
3939,1.399999999999885,0.5806423569551222,9.0,0.622651110513702
3940,1.409999999999885,0.5786756685680218,9.0,0.6214599407037302
3941,1.4199999999998845,0.5767089801809214,9.0,0.6202651608166818
3942,1.4299999999998845,0.5747422917938207,9.0,0.6190668563133848
3943,1.439999999999884,0.5727756034067203,9.0,0.6178651125929271
3944,1.4499999999998838,0.5708089150196196,9.0,0.616660014931909
3945,1.4599999999998836,0.5688422266325192,9.0,0.6154516484277507
3946,1.4699999999998834,0.5668755382454186,9.0,0.6142400979458391
3947,1.4799999999998832,0.5649088498583179,9.0,0.6130254480703069
3948,1.489999999999883,0.5629421614712175,9.0,0.6118077830582442
3949,1.4999999999998828,0.5609754730841169,9.0,0.6105871867971571
3950,1.5099999999998823,0.5590087846970163,9.0,0.6093637427654971
3951,1.5199999999998823,0.5570420963099157,9.0,0.6081375339960887
3952,1.529999999999882,0.5550754079228152,9.0,0.6069086430422987
3953,1.539999999999882,0.5531087195357146,9.0,0.6056771519467891
3954,1.5499999999998817,0.551142031148614,9.0,0.6044431422127177
3955,1.5599999999998817,0.5491753427615135,9.0,0.6032066947772373
3956,1.5699999999998813,0.5472086543744129,9.0,0.6019678899871761
3957,1.579999999999881,0.5452419659873124,9.0,0.6007268075767596
3958,1.5899999999998808,0.5432752776002119,9.0,0.5994835266472761
3959,1.5999999999998806,0.5413085892131112,9.0,0.5982381256485554
3960,1.6099999999998804,0.5393419008260107,9.0,0.5969906823621655
3961,1.6199999999998802,0.5373752124389102,9.0,0.595741273886226
3962,1.62999999999988,0.5354085240518096,9.0,0.5944899766217413
3963,1.6399999999998798,0.533441835664709,9.0,0.593236866260361
3964,1.6499999999998796,0.5314751472776086,9.0,0.5919820177734882
3965,1.6599999999998791,0.5295084588905079,9.0,0.5907255054026509
3966,1.6699999999998791,0.5275417705034076,9.0,0.5894674026510567
3967,1.679999999999879,0.525575082116307,9.0,0.5882077822762658
3968,1.6899999999998787,0.5236083937292064,9.0,0.5869467162839069
3969,1.6999999999998785,0.5216417053421056,9.0,0.5856842759223732
3970,1.7099999999998785,0.5196750169550053,9.0,0.5844205316784362
3971,1.719999999999878,0.5177083285679048,9.0,0.5831555532737207
3972,1.729999999999878,0.5157416401808043,9.0,0.5818894096619837
3973,1.7399999999998776,0.5137749517937038,9.0,0.5806221690271434
3974,1.7499999999998774,0.5118082634066032,9.0,0.5793538987820138
3975,1.7599999999998772,0.5098415750195028,9.0,0.578084665567695
3976,1.769999999999877,0.5078748866324023,9.0,0.5768145352535727
3977,1.7799999999998768,0.5059081982453016,9.0,0.5755435729378889
3978,1.7899999999998766,0.5039415098582011,9.0,0.5742718429488465
3979,1.7999999999998764,0.5019748214711005,9.0,0.5729994088462
3980,1.809999999999876,0.5000081330839999,9.0,0.5717263334233101
3981,1.819999999999876,0.4980414446968993,9.0,0.5704526787096222
3982,1.829999999999876,0.496074756309799,9.0,0.5691785059735337
3983,1.8399999999998755,0.4941080679226984,9.0,0.5679038757256327
3984,1.8499999999998755,0.4921413795355976,9.0,0.5666288477222644
3985,1.859999999999875,0.4901746911484972,9.0,0.5653534809694133
3986,1.8699999999998749,0.4882080027613966,9.0,0.5640778337268677
3987,1.8799999999998749,0.4862413143742962,9.0,0.5628019635126442
3988,1.8899999999998744,0.4842746259871956,9.0,0.5615259271076553
3989,1.8999999999998745,0.482307937600095,9.0,0.5602497805605926
3990,1.909999999999874,0.4803412492129945,9.0,0.55897357919301
3991,1.9199999999998736,0.4783745608258938,9.0,0.5576973776045893
3992,1.9299999999998736,0.4764078724387932,9.0,0.5564212296785656
3993,1.9399999999998732,0.4744411840516925,9.0,0.5551451885873074
3994,1.9499999999998727,0.4724744956645922,9.0,0.5538693067980203
3995,1.959999999999873,0.4705078072774917,9.0,0.5525936360785761
3996,1.9699999999998727,0.4685411188903912,9.0,0.5513182275034421
3997,1.9799999999998723,0.4665744305032906,9.0,0.5500431314597055
3998,1.9899999999998723,0.4646077421161901,9.0,0.5487683976531763
3999,1.999999999999872,0.4626410537290895,9.0,0.5474940751145595
