,x1,y,rep,noise,y_noise
0,-4.0,0.3291736076469655,0.0,-0.04679278718052653,0.282380820466439
1,-3.975,0.3205664327442998,0.0,0.19240108765989952,0.5129675204041994
2,-3.95,0.3116289989496857,0.0,-0.00848906651843373,0.303139932431252
3,-3.925,0.302291078691864,0.0,-0.017408627060327857,0.28488245163153614
4,-3.9,0.2924748561377191,0.0,-0.12508435489363653,0.16739050124408258
5,-3.875,0.2821003505853334,0.0,-0.1813780723881624,0.100722278197171
6,-3.850000000000001,0.2710940625679414,0.0,0.03609163311046853,0.3071856956784099
7,-3.8250000000000006,0.259401099486221,0.0,0.055894045460762244,0.31529514494698324
8,-3.8000000000000007,0.2470002544342358,0.0,0.11847446253389236,0.36547471696812817
9,-3.775000000000001,0.2339202734781949,0.0,0.02758028392926092,0.2615005574074558
10,-3.750000000000001,0.2202540365156423,0.0,-0.06530003002606095,0.15495400648958135
11,-3.725000000000001,0.2061661354687082,0.0,-0.043865044370098465,0.16230109109860974
12,-3.700000000000001,0.1918892297157974,0.0,-0.003867172917683926,0.18802205679811346
13,-3.675000000000001,0.1777064199750055,0.0,0.2313152973882622,0.4090217173632677
14,-3.650000000000001,0.1639207943055497,0.0,-0.08060687177497153,0.08331392253057818
15,-3.625000000000001,0.1508180216473044,0.0,0.09850444338120752,0.2493224650285119
16,-3.6000000000000014,0.1386310943422734,0.0,0.01170553489934826,0.15033662924162164
17,-3.575000000000001,0.1275160552722211,0.0,-0.28520133804153547,-0.15768528276931437
18,-3.5500000000000016,0.1175436646843363,0.0,-0.1759346086368401,-0.0583909439525038
19,-3.5250000000000017,0.1087064868914493,0.0,-0.05898117111458827,0.049725315776861026
20,-3.5000000000000018,0.1009365445729844,0.0,-0.16513286352538276,-0.06419631895239836
21,-3.475000000000002,0.0941271186291705,0.0,0.09788173083222561,0.19200884946139612
22,-3.450000000000002,0.0881532835234444,0.0,-0.0018726416823091146,0.08628064184113528
23,-3.425000000000002,0.0828880599690028,0.0,-0.012891234274297777,0.06999682569470501
24,-3.400000000000002,0.0782133081917235,0.0,-0.01444520195913205,0.06376810623259144
25,-3.375000000000002,0.0740259490888247,0.0,0.1400120867377042,0.21403803582652892
26,-3.3500000000000023,0.0702406916303762,0.0,-0.20116281370346858,-0.1309221220730924
27,-3.3250000000000024,0.0667904234840107,0.0,0.0086286669101246,0.0754190903941353
28,-3.3000000000000025,0.0636251257407615,0.0,0.09295272126283007,0.15657784700359156
29,-3.2750000000000026,0.0607098554486019,0.0,0.0634251209133156,0.1241349763619175
30,-3.2500000000000027,0.0580221260895856,0.0,0.043541269074964285,0.10156339516454989
31,-3.2250000000000028,0.0555489253019936,0.0,0.01642360552450716,0.07197253082650076
32,-3.200000000000003,0.0532836010210776,0.0,-0.17936519550438207,-0.12608159448330447
33,-3.175000000000003,0.0512228648053781,0.0,-0.004409898440285178,0.04681296636509292
34,-3.150000000000003,0.0493641586853021,0.0,0.08861432907120989,0.137978487756512
35,-3.125000000000003,0.0477035882918105,0.0,0.01980239810803638,0.06750598639984688
36,-3.100000000000003,0.0462345443908786,0.0,-0.04585407795849178,0.0003804664323868237
37,-3.0750000000000037,0.0449470378602766,0.0,-0.03825506376666395,0.006691974093612649
38,-3.050000000000004,0.0438276839762683,0.0,-0.09100531337522645,-0.04717762939895815
39,-3.0250000000000035,0.0428602081100424,0.0,0.18292846597727458,0.22578867408731698
40,-3.000000000000004,0.0420263125675991,0.0,0.05980393479856473,0.10183024736616383
41,-2.975000000000004,0.0413067395812121,0.0,0.08816114008502204,0.12946787966623413
42,-2.950000000000004,0.0406823799454956,0.0,-0.01608318459724126,0.024599195348254343
43,-2.925000000000004,0.0401353022338364,0.0,-0.1460766274819914,-0.105941325248155
44,-2.900000000000004,0.0396496082879796,0.0,0.08695208838969566,0.12660169667767526
45,-2.875000000000004,0.0392120536245558,0.0,0.026082864622304955,0.06529491824686076
46,-2.850000000000004,0.0388124045659417,0.0,-0.09689050734343613,-0.05807810277749443
47,-2.825000000000004,0.038443535153921,0.0,0.10816956065796239,0.1466130958118834
48,-2.8000000000000043,0.0381012935860908,0.0,0.20118462052054903,0.23928591410663982
49,-2.7750000000000044,0.0377841873469165,0.0,0.046427094033609846,0.08421128138052635
50,-2.7500000000000044,0.0374929465788976,0.0,0.024213095450347027,0.06170604202924463
51,-2.7250000000000045,0.0372300262949059,0.0,0.04632184174077269,0.08355186803567859
52,-2.7000000000000046,0.0369991011699642,0.0,-0.2133393519983708,-0.1763402508284066
53,-2.6750000000000047,0.0368045944688407,0.0,0.13946035134166956,0.17626494581051028
54,-2.650000000000005,0.0366512681947022,0.0,-0.08211000682364167,-0.04545873862893947
55,-2.625000000000005,0.0365438874938698,0.0,-0.03858541640947382,-0.002041528915604017
56,-2.600000000000005,0.0364869606205559,0.0,-0.11934244906685008,-0.08285548844629419
57,-2.575000000000005,0.036484547283697,0.0,0.19153597977504905,0.22802052705874604
58,-2.550000000000005,0.0365401230516366,0.0,0.0764645629580542,0.1130046860096908
59,-2.525000000000005,0.0366564851978156,0.0,0.003380705387551885,0.040037190585367484
60,-2.5000000000000053,0.0368356851875355,0.0,-0.24976067720328335,-0.21292499201574785
61,-2.4750000000000054,0.0370789741745409,0.0,0.1911860319821702,0.2282650061567111
62,-2.450000000000005,0.0373867497827841,0.0,0.06501682459591492,0.10240357437869901
63,-2.4250000000000056,0.0377584946899245,0.0,-0.09770233333101884,-0.05994383864109434
64,-2.4000000000000057,0.0381926999066028,0.0,0.0763472802246931,0.1145399801312959
65,-2.3750000000000058,0.038686768110641,0.0,-0.14985390191858003,-0.11116713380793902
66,-2.350000000000006,0.0392368949620525,0.0,-0.09354062261676524,-0.05430372765471274
67,-2.325000000000006,0.0398379289670249,0.0,-0.023414108135731602,0.016423820831293297
68,-2.300000000000006,0.0404832130140275,0.0,-0.08879493673755891,-0.04831172372353141
69,-2.275000000000006,0.0411644128194108,0.0,0.15720628342317042,0.19837069624258122
70,-2.250000000000006,0.0418713387004116,0.0,0.24244186200934104,0.28431320070975263
71,-2.2250000000000063,0.0425917669476989,0.0,0.26363509053221834,0.30622685747991724
72,-2.2000000000000064,0.0433112658150074,0.0,0.2682578486112524,0.3115691144262598
73,-2.1750000000000065,0.044013030412863,0.0,0.06242797123651716,0.10644100164938017
74,-2.1500000000000066,0.044677734616687,0.0,0.23766387426644103,0.28234160888312804
75,-2.1250000000000067,0.0452834236790927,0.0,-0.17842339220633066,-0.13313996852723797
76,-2.1000000000000068,0.0458055086805827,0.0,-0.36914678951673524,-0.32334128083615254
77,-2.075000000000007,0.046216993270205,0.0,0.14094185166085202,0.18715884493105703
78,-2.050000000000007,0.0464891650029432,0.0,0.038420922124146974,0.08491008712709017
79,-2.025000000000007,0.0465930870188485,0.0,-0.05104921839918144,-0.004456131380332941
80,-2.000000000000007,0.0465022235134345,0.0,-0.1647860689129318,-0.1182838453994973
81,-1.9750000000000072,0.0461961785910969,0.0,-0.09643096316151387,-0.05023478457041697
82,-1.9500000000000075,0.0456644538152195,0.0,0.15417275477353945,0.19983720858875895
83,-1.9250000000000076,0.0449072941487014,0.0,0.07111973756609621,0.11602703171479761
84,-1.9000000000000077,0.043929842498559,0.0,-0.0831763301329763,-0.0392464876344173
85,-1.8750000000000075,0.0427308830709153,0.0,0.03998553720866936,0.08271642027958466
86,-1.850000000000008,0.0413004840550993,0.0,0.03726367050783296,0.07856415456293225
87,-1.825000000000008,0.0396420536403328,0.0,-0.10736351856480814,-0.06772146492447534
88,-1.8000000000000078,0.0377923062757561,0.0,0.032454631615236526,0.07024693789099262
89,-1.775000000000008,0.0357846962381958,0.0,0.053959763466913675,0.08974445970510947
90,-1.750000000000008,0.0336582880901758,0.0,0.04758138174914783,0.08123966983932362
91,-1.725000000000008,0.031733406962007,0.0,0.08337194936574015,0.11510535632774715
92,-1.7000000000000082,0.0302433819353835,0.0,0.06348425192117012,0.09372763385655361
93,-1.6750000000000085,0.0276222181988157,0.0,0.14832329473972236,0.17594551293853805
94,-1.6500000000000083,0.0216688477724106,0.0,-0.039572830356082014,-0.017903982583671416
95,-1.6250000000000084,0.0135293152557388,0.0,0.17021767270936175,0.18374698796510056
96,-1.6000000000000083,0.006720053310526,0.0,-0.0026707125319178474,0.004049340778608152
97,-1.5750000000000086,0.0027452167384278,0.0,-0.08445270479786712,-0.08170748805943932
98,-1.5500000000000087,0.000870507093856,0.0,0.03132421399351599,0.03219472108737199
99,-1.5250000000000088,0.0001302344404363,0.0,0.010447365373905776,0.010577599814342076
100,-1.5000000000000089,0.0,0.0,-0.17887439617004355,-0.17887439617004355
101,-1.475000000000009,0.0002730202024467,0.0,0.08436949152133177,0.08464251172377847
102,-1.450000000000009,0.0009078591311285,0.0,0.003674839030894733,0.004582698162023233
103,-1.4250000000000091,0.0019528563952797,0.0,-0.03309816533503668,-0.031145308939756977
104,-1.4000000000000092,0.0034963154172801,0.0,-0.05527468896645846,-0.05177837354917836
105,-1.375000000000009,0.0056062409779957,0.0,-0.07592337243829735,-0.07031713146030165
106,-1.3500000000000094,0.0082819825565968,0.0,0.05786680420581128,0.06614878676240808
107,-1.3250000000000095,0.0114894539865123,0.0,0.03996513415191332,0.05145458813842562
108,-1.3000000000000096,0.015439779581198,0.0,0.06388902503717092,0.07932880461836891
109,-1.2750000000000097,0.0215061242363637,0.0,0.03297052389035991,0.05447664812672361
110,-1.2500000000000098,0.0338022027375802,0.0,0.1085009811779868,0.142303183915567
111,-1.22500000000001,0.0613395288603303,0.0,-0.08359604260691528,-0.02225651374658498
112,-1.20000000000001,0.1241079253582689,0.0,-0.06079031354244698,0.0633176118158219
113,-1.17500000000001,0.2613695073132728,0.0,0.1717219105532994,0.43309141786657224
114,-1.15000000000001,0.4993173939145762,0.0,-0.09584065886731818,0.403476735047258
115,-1.1250000000000102,0.7603963414935528,0.0,-0.06138271845226759,0.6990136230412852
116,-1.1000000000000103,0.927430868894406,0.0,-0.0932482273255145,0.8341826415688914
117,-1.0750000000000104,0.9899356040056424,0.0,0.20342648369932648,1.1933620877049689
118,-1.0500000000000105,0.9935489477183956,0.0,-0.008037296630961671,0.985511651087434
119,-1.0250000000000106,0.9818858106957687,0.0,-0.016573429667309552,0.9653123810284592
120,-1.0000000000000109,0.9832730997056128,0.0,0.09056600370544986,1.0738391034110626
121,-0.9750000000000107,0.996367397683785,0.0,0.061018980986065396,1.0573863786698503
122,-0.9500000000000108,0.9999999999999748,0.0,0.011640072546210809,1.0116400725461856
123,-0.9250000000000108,0.9759453275413816,0.0,-0.18934448758848463,0.786600839952897
124,-0.900000000000011,0.9224108549925608,0.0,-0.13267015131093823,0.7897407036816226
125,-0.8750000000000111,0.863173653063432,0.0,-0.08704657412705208,0.7761270789363799
126,-0.8500000000000112,0.8215790318794204,0.0,0.05962173077235817,0.8812007626517786
127,-0.8250000000000113,0.8018058249323335,0.0,0.123739432084049,0.9255452570163826
128,-0.8000000000000114,0.7972257109925334,0.0,0.1865062332045085,0.9837319441970418
129,-0.7750000000000115,0.798480926166161,0.0,-0.010491376126861542,0.7879895500392994
130,-0.7500000000000115,0.7986996353466934,0.0,0.10226279234455822,0.9009624276912517
131,-0.7250000000000116,0.795303647169425,0.0,0.07983146068438206,0.8751351078538071
132,-0.7000000000000117,0.781453339216844,0.0,-0.019902281309330593,0.7615510579075134
133,-0.6750000000000118,0.7330230407278556,0.0,0.17919416383205422,0.9122172045599098
134,-0.6500000000000119,0.6177483611795365,0.0,-0.2974323718444647,0.32031598933507177
135,-0.625000000000012,0.4464486491186006,0.0,-0.07683093584994348,0.3696177132686571
136,-0.6000000000000121,0.3125466702628592,0.0,-0.06297435787561012,0.24957231238724908
137,-0.5750000000000122,0.2664385076105243,0.0,-0.046416997537565945,0.22002151007295834
138,-0.5500000000000123,0.2809211130957842,0.0,0.05706155622445748,0.3379826693202417
139,-0.5250000000000123,0.3137823462596362,0.0,0.09093698685977651,0.4047193331194127
140,-0.5000000000000124,0.3254216759660023,0.0,0.04577444099222847,0.3711961169582308
141,-0.4750000000000125,0.3043278279543161,0.0,0.031451502647213136,0.33577933060152926
142,-0.4500000000000126,0.2639053500665502,0.0,-0.015662774907703823,0.24824257515884637
143,-0.4250000000000127,0.221787649627617,0.0,-0.10099844228040589,0.1207892073472111
144,-0.4000000000000128,0.1878976601432624,0.0,-0.08805157662558304,0.09984608351767936
145,-0.3750000000000129,0.1641476916750412,0.0,-0.08133573078897982,0.08281196088606138
146,-0.3500000000000129,0.1487055540086573,0.0,0.09864682411754018,0.24735237812619748
147,-0.325000000000013,0.1390704429102411,0.0,-0.1623799139702586,-0.023309471060017517
148,-0.3000000000000131,0.1331973025241516,0.0,0.14633225026322463,0.27952955278737623
149,-0.2750000000000132,0.1296540918559752,0.0,-0.24307903024278757,-0.11342493838681236
150,-0.2500000000000133,0.1274942905223279,0.0,0.06229381845985587,0.1897881089821838
151,-0.2250000000000134,0.1261011267441192,0.0,-0.04476411484785194,0.08133701189626724
152,-0.2000000000000135,0.1250684486043279,0.0,0.10454649221475473,0.22961494081908262
153,-0.1750000000000136,0.1241222367102895,0.0,0.141914595939481,0.2660368326497705
154,-0.1500000000000136,0.123072583384378,0.0,-0.14741558752116962,-0.02434300413679162
155,-0.1250000000000137,0.1217854365896701,0.0,0.005149362082738207,0.1269347986724083
156,-0.1000000000000138,0.1201660274542495,0.0,-0.18325435060237955,-0.06308832314813005
157,-0.0750000000000139,0.1181488097002501,0.0,0.1576740507794483,0.2758228604796984
158,-0.050000000000014,0.1156912458906985,0.0,0.13962490732565022,0.2553161532163487
159,-0.0250000000000141,0.1127706133641913,0.0,0.23684948490560823,0.3496200982697995
160,-1.4210854715202004e-14,0.1093839568315616,0.0,0.07851032510805415,0.18789428193961577
161,0.0249999999999861,0.1055512810226306,0.0,-0.11241666125279594,-0.0068653802301653355
162,0.0499999999999856,0.1013211921380879,0.0,-0.02656596989246747,0.07475522224562044
163,0.074999999999985,0.0967769191379854,0.0,0.18824324876734477,0.2850201679053302
164,0.0999999999999854,0.0920397107956067,0.0,-0.0167026884771628,0.0753370223184439
165,0.1249999999999857,0.0872667536981123,0.0,-0.10286531602807376,-0.015598562329961457
166,0.1499999999999852,0.0826422660317964,0.0,0.16199250107908644,0.24463476711088283
167,0.1749999999999847,0.0783627723043877,0.0,0.1309933746643247,0.2093561469687124
168,0.199999999999985,0.0746196649418822,0.0,0.19095563530823936,0.26557530025012155
169,0.2249999999999854,0.0715830253304618,0.0,-0.14818853209735053,-0.07660550676688872
170,0.2499999999999849,0.0693899521351859,0.0,-0.01657535420462174,0.05281459793056416
171,0.2749999999999843,0.0681386845879259,0.0,-0.07343816901534185,-0.005299484427415957
172,0.2999999999999847,0.0678875341796755,0.0,0.19098794359135526,0.25887547777103076
173,0.3249999999999851,0.0686561631077767,0.0,-0.11727541266359946,-0.048619249555822766
174,0.3499999999999845,0.0704267484165786,0.0,0.03740393137091778,0.10783067978749639
175,0.374999999999984,0.073143872241939,0.0,-0.07260195610029992,0.0005419161416390789
176,0.3999999999999843,0.0767137566926382,0.0,0.04205824988377632,0.11877200657641453
177,0.4249999999999847,0.0810047939662339,0.0,-0.22079205884835412,-0.13978726488212023
178,0.4499999999999842,0.0858516118969569,0.0,0.1352912867687011,0.221142898665658
179,0.4749999999999836,0.091064050966705,0.0,0.03772673106450315,0.12879078203120814
180,0.499999999999984,0.0964407745319681,0.0,0.21328036211093762,0.30972113664290574
181,0.5249999999999844,0.1017854967242046,0.0,-0.23876155118507023,-0.13697605446086564
182,0.5499999999999838,0.1069227569953931,0.0,-0.14220479649457737,-0.03528203949918428
183,0.5749999999999833,0.1117102413038359,0.0,-0.12692842765466106,-0.015218186350825155
184,0.5999999999999837,0.1160457352827201,0.0,-0.13988610628579348,-0.023840371003073388
185,0.624999999999984,0.1198683293555556,0.0,0.031648119127808905,0.15151644848336449
186,0.6499999999999835,0.1231548285954319,0.0,-0.30106261061986356,-0.17790778202443164
187,0.674999999999983,0.1259130541577039,0.0,0.04062470054190118,0.16653775469960508
188,0.6999999999999833,0.1281738179247106,0.0,-0.010930318779127647,0.11724349914558296
189,0.7249999999999837,0.129983008868269,0.0,0.11634013475401629,0.2463231436222853
190,0.7499999999999831,0.1313947113174252,0.0,0.024928594169014624,0.15632330548643983
191,0.7749999999999826,0.1324657822920885,0.0,-0.15036032190508739,-0.01789453961299889
192,0.799999999999983,0.1332519479989733,0.0,0.05996399855136741,0.19321594655034072
193,0.8249999999999833,0.1338052582831424,0.0,-0.010726889107942787,0.12307836917519963
194,0.8499999999999828,0.1341726375286291,0.0,-0.1959707932738926,-0.06179815574526351
195,0.8749999999999822,0.1343952521346897,0.0,0.0672334890051572,0.2016287411398469
196,0.8999999999999826,0.1345084422378917,0.0,0.003415856573464816,0.13792429881135654
197,0.924999999999983,0.134542012453418,0.0,0.041860826014764395,0.1764028384681824
198,0.9499999999999824,0.1345207267649058,0.0,0.20170672989899993,0.33622745666390574
199,0.974999999999982,0.1344648978240453,0.0,-0.004971337091380334,0.12949356073266496
200,0.9999999999999822,0.1343909975103135,0.0,-0.21426963634769763,-0.07987863883738414
201,1.0249999999999826,0.1343122432763781,0.0,-0.09992779070552349,0.03438445257085462
202,1.049999999999982,0.1342391346168254,0.0,0.02713905866409168,0.1613781932809171
203,1.0749999999999815,0.1341799274965255,0.0,-0.022983339087419393,0.1111965884091061
204,1.099999999999982,0.1341410433168582,0.0,0.1392751702946546,0.2734162136115128
205,1.1249999999999822,0.1341274143270424,0.0,0.03845430048523641,0.1725817148122788
206,1.1499999999999817,0.1341427703691297,0.0,0.009494683346066287,0.14363745371519598
207,1.1749999999999812,0.1341898732758377,0.0,-0.009802571503934102,0.1243873017719036
208,1.1999999999999815,0.1342707056911886,0.0,-0.06571160511238247,0.06855910057880613
209,1.224999999999982,0.1343866209491928,0.0,-0.0814122884613014,0.05297433248789139
210,1.2499999999999811,0.1345384601887594,0.0,-0.059588701088409156,0.07494975910035023
211,1.2749999999999808,0.1347266422732948,0.0,0.021950639139972847,0.15667728141326764
212,1.2999999999999812,0.1349512314260496,0.0,-0.03615327514502282,0.09879795628102678
213,1.3249999999999815,0.1352119868486939,0.0,-0.25640623377753163,-0.12119424692883773
214,1.349999999999981,0.1355083979940577,0.0,0.3457213793768571,0.48122977737091477
215,1.3749999999999805,0.1358397086294939,0.0,-0.008009933925439314,0.1278297747040546
216,1.3999999999999808,0.1362049323591096,0.0,0.053845477436535186,0.1900504097956448
217,1.4249999999999812,0.1366028618687515,0.0,-0.0073680883745924665,0.12923477349415904
218,1.4499999999999806,0.1370320738112038,0.0,-0.14366447060565377,-0.006632396794449963
219,1.47499999999998,0.1374909309530185,0.0,0.02232284225270689,0.1598137732057254
220,1.4999999999999805,0.1379775829504642,0.0,-0.16195848707041668,-0.02398090411995249
221,1.5249999999999808,0.1384899669022376,0.0,0.09778397058870594,0.23627393749094355
222,1.5499999999999805,0.1390258086331996,0.0,0.10997790770468219,0.2490037163378818
223,1.5749999999999795,0.1395826254897668,0.0,0.24848357548638159,0.3880662009761484
224,1.59999999999998,0.1401577312679074,0.0,0.03283548865950283,0.17299321992741024
225,1.6249999999999805,0.1407482437443979,0.0,-0.059969089197532105,0.0807791545468658
226,1.64999999999998,0.1413510951377712,0.0,0.07132339333994635,0.21267448847771753
227,1.6749999999999794,0.1419630456852852,0.0,0.15175019927732497,0.2937132449626102
228,1.6999999999999795,0.1425807003857643,0.0,0.002470045459396172,0.14505074584516045
229,1.72499999999998,0.1432005288261303,0.0,-0.08715033353212465,0.05605019529400565
230,1.7499999999999796,0.1438188878840179,0.0,-0.16945920507957044,-0.025640317195552542
231,1.774999999999979,0.1444320469831768,0.0,0.34596689796534363,0.49039894494852043
232,1.7999999999999794,0.1450362154763613,0.0,-0.09535513680596278,0.04968107867039853
233,1.82499999999998,0.145627571646298,0.0,0.28864665519096033,0.43427422683725836
234,1.8499999999999792,0.146202292753305,0.0,-0.01736106158390522,0.1288412311693998
235,1.874999999999979,0.1467565855216632,0.0,-0.3270202334492366,-0.18026364792757338
236,1.899999999999979,0.1472867164484284,0.0,-0.09128183537101134,0.05600488107741705
237,1.9249999999999796,0.1477890413389916,0.0,0.16387616814433165,0.3116652094833232
238,1.9499999999999789,0.1482600335226179,0.0,-0.0610717992991296,0.08718823422348831
239,1.9749999999999783,0.1486963102758215,0.0,-0.04869817412631931,0.09999813614950219
240,1.999999999999979,0.1490946570774324,0.0,0.1536686534301763,0.30276331050760874
241,2.024999999999979,0.1494520494306465,0.0,-0.1446657771906302,0.004786272240016293
242,2.0499999999999785,0.1497656721072281,0.0,0.15362090055615704,0.30338657266338515
243,2.074999999999978,0.1500329357896946,0.0,0.03279245349943312,0.18282538928912773
244,2.0999999999999783,0.1502514912011359,0.0,-0.010480645242746146,0.13977084595838976
245,2.1249999999999787,0.1504192409122334,0.0,-0.23479391930081556,-0.08437467838858215
246,2.149999999999978,0.1505343490950952,0.0,0.1490253245878393,0.29955967368293446
247,2.1749999999999776,0.1505952495493052,0.0,-0.14883407510516614,0.001761174444139063
248,2.199999999999978,0.1506006523545185,0.0,-0.05993376596964368,0.09066688638487483
249,2.2249999999999783,0.150549549505368,0.0,-0.07860857626914045,0.07194097323622756
250,2.249999999999978,0.1504412198595746,0.0,-0.09882213928999231,0.05161908056958228
251,2.2749999999999773,0.150275233681946,0.0,-0.026039931398528695,0.12423530228341731
252,2.2999999999999776,0.1500514569996045,0.0,-0.31131126213239046,-0.16125980513278595
253,2.324999999999978,0.1497700559025965,0.0,0.09967260366115807,0.24944265956375458
254,2.349999999999977,0.1494315008347641,0.0,-0.09912350314158243,0.050307997693181686
255,2.374999999999977,0.149036570828266,0.0,0.08445440575692717,0.23349097658519316
256,2.3999999999999773,0.1485863575470581,0.0,0.0027154267303489132,0.151301784277407
257,2.4249999999999776,0.1480822689249354,0.0,0.09033387358956045,0.23841614251449583
258,2.449999999999977,0.1475260321165699,0.0,0.06112751467453415,0.20865354679110404
259,2.474999999999977,0.1469196954284441,0.0,-0.04373767853625561,0.10318201689218849
260,2.499999999999977,0.1462656288627968,0.0,0.047790617969326266,0.19405624683212305
261,2.5249999999999773,0.1455665228925947,0.0,-0.15432151800914976,-0.008754995116555059
262,2.5499999999999767,0.1448253850892631,0.0,0.01572288621038489,0.160548271299648
263,2.574999999999976,0.1440455342465787,0.0,-0.040301306409722175,0.10374422783685652
264,2.599999999999977,0.143230591682401,0.0,0.01294635024297517,0.15617694192537615
265,2.624999999999977,0.142384469452811,0.0,0.19430332961797697,0.33668779907078794
266,2.6499999999999764,0.1415113552785854,0.0,-0.038319690953165286,0.10319166432542012
267,2.674999999999976,0.1406156940593414,0.0,0.14542937352432664,0.28604506758366804
268,2.699999999999976,0.1397021659337332,0.0,0.18324823649340094,0.32295040242713413
269,2.724999999999977,0.1387756609322711,0.0,-0.02626617850488663,0.11250948242738446
270,2.749999999999976,0.1378412503602933,0.0,0.1072822350975007,0.245123485457794
271,2.7749999999999755,0.1369041551398479,0.0,0.0694156252909313,0.2063197804307792
272,2.799999999999976,0.1359697114282558,0.0,-0.030366319041335715,0.1056033923869201
273,2.824999999999976,0.135043333915369,0.0,0.07139858896337539,0.20644192287874438
274,2.849999999999976,0.1341304772782996,0.0,0.029442498986423947,0.16357297626472356
275,2.874999999999975,0.1332365963390104,0.0,0.01793081852507626,0.15116741486408664
276,2.8999999999999755,0.1323671055238781,0.0,-0.015735918324926063,0.11663118719895203
277,2.924999999999976,0.1315273382627208,0.0,-0.0972821707749249,0.03424516748779591
278,2.9499999999999758,0.1307225069856258,0.0,-0.059144940510649995,0.07157756647497579
279,2.9749999999999748,0.1299576643777761,0.0,-0.023579043930749416,0.10637862044702667
280,2.999999999999975,0.1292376665344658,0.0,-0.09459273631238363,0.034644930222082176
281,3.0249999999999755,0.1285671386209408,0.0,0.0006773161647808096,0.1292444547857216
282,3.049999999999975,0.1279504435857588,0.0,0.23999017259271796,0.36794061617847673
283,3.0749999999999744,0.1273916544042478,0.0,0.03612628800531948,0.16351794240956727
284,3.0999999999999748,0.1268945302435276,0.0,0.23942642265893516,0.36632095290246275
285,3.124999999999975,0.1264624968460885,0.0,-0.1603524892728543,-0.0338899924267658
286,3.1499999999999746,0.1260986313292978,0.0,0.08862029082774629,0.21471892215704408
287,3.174999999999974,0.1258056514973996,0.0,-0.03835986145132531,0.0874457900460743
288,3.1999999999999744,0.125585909664484,0.0,-0.15948025304095786,-0.03389434337647387
289,3.2249999999999748,0.1254413908946588,0.0,-0.19803519119649615,-0.07259380030183735
290,3.2499999999999742,0.125373715481842,0.0,-0.12321568527021573,0.0021580302116262773
291,3.2749999999999737,0.1253841454178978,0.0,0.06931962849869476,0.19470377391659255
292,3.299999999999974,0.1254735945352874,0.0,-0.008589955370562483,0.11688363916472491
293,3.3249999999999744,0.1256426419594165,0.0,-0.04343459680354614,0.08220804515587035
294,3.349999999999974,0.1258915484664239,0.0,-0.04700373937441304,0.07888780909201085
295,3.3749999999999734,0.1262202753140064,0.0,-0.07259236999846584,0.053627905315540556
296,3.3999999999999737,0.126628505095647,0.0,0.024080856443151062,0.15070936153879805
297,3.424999999999974,0.1271156641618936,0.0,0.10195967912300478,0.22907534328489837
298,3.449999999999973,0.1276809461557235,0.0,-0.1840961658667244,-0.056415219711000886
299,3.474999999999973,0.1283233362220777,0.0,0.13209749118289954,0.26042082740497724
300,3.4999999999999734,0.1290416354737695,0.0,-0.002235978126289967,0.12680565734747953
301,3.5249999999999737,0.1298344853264116,0.0,-0.08655858980680016,0.04327589551961143
302,3.549999999999973,0.1307003913527079,0.0,-0.02895333971761204,0.10174705163509584
303,3.5749999999999726,0.1316377463500859,0.0,0.022218359438259307,0.15385610578834522
304,3.599999999999973,0.1326448523635757,0.0,0.04155741202447158,0.17420226438804728
305,3.624999999999973,0.1337199414562153,0.0,-0.11111170805718684,0.022608233399028455
306,3.649999999999973,0.1348611950701996,0.0,-0.00811092418022026,0.12675027088997937
307,3.674999999999972,0.1360667618714633,0.0,0.034259656401054106,0.1703264182725174
308,3.6999999999999726,0.1373347740167958,0.0,0.01732939440089106,0.15466416841768688
309,3.724999999999973,0.1386633618243323,0.0,-0.07502023763404708,0.06364312419028523
310,3.749999999999973,0.1400506668643358,0.0,-0.0002438373720174137,0.13980682949231837
311,3.774999999999972,0.1414948535168881,0.0,-0.03264595783922666,0.10884889567766143
312,3.799999999999972,0.142994119066192,0.0,0.21951194631383322,0.3625060653800252
313,3.8249999999999726,0.1445467024178107,0.0,0.031300683415928676,0.17584738583373938
314,3.849999999999972,0.1461508915358069,0.0,0.09163832254549024,0.23778921408129716
315,3.874999999999972,0.1478050297021327,0.0,-0.18825312712500647,-0.04044809742287378
316,3.899999999999972,0.1495075207016185,0.0,-0.1311393990100498,0.01836812169156868
317,3.924999999999972,0.1512568330335141,0.0,-0.14777866569700557,0.0034781673365085197
318,3.949999999999972,0.1530515032456294,0.0,0.10335841751775825,0.25640992076338764
319,3.9749999999999712,0.1548901384806594,0.0,-0.00964810676190766,0.14524203171875175
320,-4.0,0.3402031545188121,1.0,-0.01310821773619813,0.327094936782614
321,-3.975,0.3340166787873159,1.0,-0.044263069741904436,0.2897536090454115
322,-3.95,0.3280899887080584,1.0,-0.011186070347689201,0.3169039183603692
323,-3.925,0.3224160572202427,1.0,0.05484295528445759,0.3772590125047003
324,-3.9,0.3169876751988451,1.0,-0.2220906343081667,0.09489704089067838
325,-3.875,0.3117975099755992,1.0,-0.005226733572884724,0.30657077640271446
326,-3.850000000000001,0.3068381577040627,1.0,0.12563855137888122,0.4324767090829439
327,-3.8250000000000006,0.3021021898653649,1.0,-0.10815414877409223,0.19394804109127267
328,-3.8000000000000007,0.2975821942520782,1.0,0.13913795942021853,0.4367201536722968
329,-3.775000000000001,0.29327081079457,1.0,0.07611755974817512,0.36938837054274515
330,-3.750000000000001,0.2891607626090946,1.0,0.06900406107403165,0.3581648236831263
331,-3.725000000000001,0.2852448826520986,1.0,-0.02145410695545978,0.2637907756966388
332,-3.700000000000001,0.2815161363624296,1.0,0.016002161189071374,0.297518297551501
333,-3.675000000000001,0.2779676406641664,1.0,0.04086410913214072,0.31883174979630713
334,-3.650000000000001,0.2745926796889911,1.0,0.16221039992341077,0.43680307961240183
335,-3.625000000000001,0.271384717559718,1.0,0.13925052875748395,0.41063524631720194
336,-3.6000000000000014,0.2683374085569579,1.0,-0.07871465293392454,0.18962275562303338
337,-3.575000000000001,0.2654446049695594,1.0,-0.060363961323814906,0.2050806436457445
338,-3.5500000000000016,0.2627003629075704,1.0,0.10501948528424525,0.36771984819181563
339,-3.5250000000000017,0.2600989463341513,1.0,0.05416629219242537,0.3142652385265767
340,-3.5000000000000018,0.2576348295510045,1.0,0.15049078618656378,0.4081256157375682
341,-3.475000000000002,0.2553026983505591,1.0,-0.017419479238368573,0.2378832191121905
342,-3.450000000000002,0.2530974500277287,1.0,0.07564820503883239,0.3287456550665611
343,-3.425000000000002,0.2510141924247537,1.0,0.14737306035234715,0.39838725277710085
344,-3.400000000000002,0.2490482421645115,1.0,0.13715351524607772,0.3862017574105892
345,-3.375000000000002,0.2471951222107986,1.0,-0.2232999192005803,0.023895203010218302
346,-3.3500000000000023,0.2454505588785583,1.0,-0.0892293368377192,0.1562212220408391
347,-3.3250000000000024,0.2438104784027384,1.0,0.024624541724416183,0.2684350201271546
348,-3.3000000000000025,0.2422710031614652,1.0,0.025906377971191916,0.2681773811326571
349,-3.2750000000000026,0.2408284476374085,1.0,-0.11883595853199046,0.12199248910541803
350,-3.2500000000000027,0.2394793141905478,1.0,-0.06148514292401476,0.17799417126653305
351,-3.2250000000000028,0.2382202887059969,1.0,0.15016953631111893,0.38838982501711583
352,-3.200000000000003,0.2370482361718807,1.0,-0.024153657851443765,0.21289457832043693
353,-3.175000000000003,0.2359601962346225,1.0,-0.32960039244832895,-0.09364019621370645
354,-3.150000000000003,0.2349533787720908,1.0,0.22480063898212407,0.45975401775421487
355,-3.125000000000003,0.2340251595189217,1.0,-0.025976651503677967,0.20804850801524372
356,-3.100000000000003,0.2331730757728294,1.0,-0.03889041210208795,0.19428266367074143
357,-3.0750000000000037,0.232394822205801,1.0,0.16097583149329095,0.39337065369909197
358,-3.050000000000004,0.2316882467995878,1.0,-0.01772188308222171,0.2139663637173661
359,-3.0250000000000035,0.2310513469208704,1.0,0.2475965124317324,0.4786478593526028
360,-3.000000000000004,0.2304822655477,1.0,-0.13491990839369764,0.09556235715400235
361,-2.975000000000004,0.2299792876553148,1.0,-0.07617942433070357,0.15379986332461124
362,-2.950000000000004,0.2295408367660229,1.0,-0.2546464558812539,-0.025105619115230987
363,-2.925000000000004,0.2291654716645329,1.0,0.06420884894497711,0.29337432060951
364,-2.900000000000004,0.2288518832767392,1.0,-0.05265687257471203,0.17619501070202717
365,-2.875000000000004,0.2285988917064622,1.0,0.026881606489396387,0.2554804981958586
366,-2.850000000000004,0.2284054434209143,1.0,0.03965860852085563,0.2680640519417699
367,-2.825000000000004,0.2282706085715743,1.0,0.09408279673481142,0.32235340530638573
368,-2.8000000000000043,0.2281935784326097,1.0,-0.08731033183990425,0.14088324659270546
369,-2.7750000000000044,0.2281736629338475,1.0,0.01864142389610314,0.24681508682995063
370,-2.7500000000000044,0.2282102882594234,1.0,0.029952965950636342,0.25816325421005976
371,-2.7250000000000045,0.2283029944765195,1.0,-0.15728557824770542,0.07101741622881408
372,-2.7000000000000046,0.2284514331508057,1.0,-0.05660097817604135,0.17185045497476437
373,-2.6750000000000047,0.2286553648962777,1.0,0.10267767457095306,0.33133303946723075
374,-2.650000000000005,0.2289146567968593,1.0,-0.18653929633891408,0.04237536045794521
375,-2.625000000000005,0.2292292796253382,1.0,-0.17939945751900852,0.04982982210632969
376,-2.600000000000005,0.2295993047717649,1.0,0.047754705672558566,0.27735401044432345
377,-2.575000000000005,0.2300249007782207,1.0,-0.24648560196750974,-0.01646070118928905
378,-2.550000000000005,0.2305063293598448,1.0,-0.09852037059816575,0.13198595876167907
379,-2.525000000000005,0.2310439407731675,1.0,-0.05585271627246762,0.17519122450069988
380,-2.5000000000000053,0.231638168372238,1.0,-0.10626666402557318,0.12537150434666483
381,-2.4750000000000054,0.2322895221710362,1.0,-0.17091164297630082,0.06137787919473539
382,-2.450000000000005,0.2329985812076193,1.0,-0.04408789946109503,0.18891068174652426
383,-2.4250000000000056,0.2337659844820475,1.0,0.08975052147725107,0.3235165059592986
384,-2.4000000000000057,0.2345924202173911,1.0,0.047004899569633725,0.28159731978702485
385,-2.3750000000000058,0.2354786131723054,1.0,0.07866126314238463,0.31413987631469004
386,-2.350000000000006,0.2364253097165935,1.0,-0.07770140766886925,0.15872390204772424
387,-2.325000000000006,0.2374332603701813,1.0,-0.31537580974095514,-0.07794254937077383
388,-2.300000000000006,0.2385031995037078,1.0,0.1071546654572024,0.3456578649609102
389,-2.275000000000006,0.2396358219090355,1.0,-0.06632429617897406,0.17331152573006145
390,-2.250000000000006,0.2408317559741972,1.0,-0.16002734934491444,0.08080440662928276
391,-2.2250000000000063,0.2420915332441363,1.0,0.06065002325167351,0.3027415564958098
392,-2.2000000000000064,0.2434155542206298,1.0,0.2865822834404497,0.5299978376610796
393,-2.1750000000000065,0.2448040503567841,1.0,0.008215653958116624,0.25301970431490073
394,-2.1500000000000066,0.2462570423376571,1.0,0.0411533288430397,0.2874103711806968
395,-2.1250000000000067,0.2477742949122459,1.0,-0.06418896000083661,0.18358533491140927
396,-2.1000000000000068,0.2493552687549685,1.0,0.2251818763707563,0.47453714512572476
397,-2.075000000000007,0.2509990700861464,1.0,0.12878586108217926,0.3797849311683257
398,-2.050000000000007,0.2527043990669184,1.0,0.13913051685880684,0.3918349159257252
399,-2.025000000000007,0.2544694982965359,1.0,-0.06341714174848262,0.1910523565480533
400,-2.000000000000007,0.2562921030665826,1.0,-0.09600879292367874,0.16028331014290387
401,-1.9750000000000072,0.2581693953498117,1.0,0.03419968301514976,0.29236907836496145
402,-1.9500000000000075,0.2600979637989817,1.0,0.14405431319684867,0.40415227699583034
403,-1.9250000000000076,0.2620737722771392,1.0,0.10967898669433207,0.37175275897147125
404,-1.9000000000000077,0.2640921396068291,1.0,-0.17530250164409686,0.08878963796273223
405,-1.8750000000000075,0.2661477332827894,1.0,0.27942458897057,0.5455723222533594
406,-1.850000000000008,0.2682345798140694,1.0,-0.02984354278944805,0.23839103702462133
407,-1.825000000000008,0.2703460941253224,1.0,-0.012307481013692717,0.2580386131116297
408,-1.8000000000000078,0.2724751300387276,1.0,0.11706137308474328,0.3895365031234709
409,-1.775000000000008,0.2746140532724987,1.0,0.0993766579618786,0.3739907112343773
410,-1.750000000000008,0.2767548376348235,1.0,0.12596261439135614,0.40271745202617965
411,-1.725000000000008,0.2788891841799986,1.0,0.1055761491839526,0.38446533336395117
412,-1.7000000000000082,0.2810086620543116,1.0,0.17710978531574284,0.4581184473700544
413,-1.6750000000000085,0.2831048686314104,1.0,-0.17300592616122074,0.11009894247018964
414,-1.6500000000000083,0.2851696053697533,1.0,0.07478637752892565,0.3599559828986789
415,-1.6250000000000084,0.2871950646784969,1.0,0.15493400745458813,0.44212907213308505
416,-1.6000000000000083,0.2891740220243887,1.0,-0.07705754895253038,0.21211647307185832
417,-1.5750000000000086,0.2911000266330308,1.0,-0.04046367462230742,0.2506363520107234
418,-1.5500000000000087,0.2929675835230899,1.0,0.030013910150676518,0.3229814936737664
419,-1.5250000000000088,0.2947723193525375,1.0,-0.03103761039421607,0.2637347089583214
420,-1.5000000000000089,0.2965111247321835,1.0,-0.023173040291260282,0.2733380844409232
421,-1.475000000000009,0.2981822663278893,1.0,-0.1334920672632148,0.1646901990646745
422,-1.450000000000009,0.299785463238444,1.0,0.08642146487263477,0.3862069281110788
423,-1.4250000000000091,0.3013219237484795,1.0,-0.16815583215657173,0.13316609159190776
424,-1.4000000000000092,0.3027943404867477,1.0,-0.029730574267671624,0.2730637662190761
425,-1.375000000000009,0.304206844061832,1.0,0.1399218549204056,0.4441286989822376
426,-1.3500000000000094,0.3055649171187127,1.0,0.007805593267766461,0.3133705103864792
427,-1.3250000000000095,0.3068752721234932,1.0,-0.06512608703947864,0.24174918508401455
428,-1.3000000000000096,0.3081456966723976,1.0,-0.028524592626792845,0.27962110404560475
429,-1.2750000000000097,0.3093848693649726,1.0,0.098698745923133,0.4080836152881056
430,-1.2500000000000098,0.3106021469340972,1.0,0.07538677723185984,0.38598892416595704
431,-1.22500000000001,0.3118073190818798,1.0,0.18518263047801098,0.4969899495598908
432,-1.20000000000001,0.3130103210736613,1.0,0.19327145978659105,0.5062817808602523
433,-1.17500000000001,0.3142208853795586,1.0,-0.1356112337039692,0.17860965167558943
434,-1.15000000000001,0.3154481023502185,1.0,0.04693265353951355,0.362380755889732
435,-1.1250000000000102,0.3166998459442149,1.0,0.11682988224574568,0.4335297281899606
436,-1.1000000000000103,0.3179820038663801,1.0,-0.40508336515710963,-0.08710136129072954
437,-1.0750000000000104,0.3192974323745046,1.0,-0.049108557615084786,0.2701888747594198
438,-1.0500000000000105,0.3206445353442978,1.0,-0.31625535988978937,0.004389175454508454
439,-1.0250000000000106,0.3220153471754267,1.0,0.05024656739750034,0.372261914572927
440,-1.0000000000000109,0.3233929846150397,1.0,-0.06763316912133711,0.2557598154937026
441,-0.9750000000000107,0.324748333065916,1.0,-0.06593714112565402,0.258811191940262
442,-0.9500000000000108,0.3260358655284056,1.0,0.137305183664119,0.4633410491925246
443,-0.9250000000000108,0.3271885852245296,1.0,-0.06492170864092518,0.2622668765836044
444,-0.900000000000011,0.3281122782242743,1.0,-0.13207817291449703,0.19603410530977727
445,-0.8750000000000111,0.3286796140679985,1.0,-0.12200750297882859,0.2066721110891699
446,-0.8500000000000112,0.3287251926754611,1.0,0.21954811004148483,0.548273302716946
447,-0.8250000000000113,0.3280434182761134,1.0,0.16060738039350375,0.48865079866961714
448,-0.8000000000000114,0.3263919901473325,1.0,0.02588450648875747,0.35227649663608995
449,-0.7750000000000115,0.3235045319623845,1.0,-0.10014123506533994,0.22336329689704454
450,-0.7500000000000115,0.319115841987349,1.0,-0.030892935958911003,0.288222906028438
451,-0.7250000000000116,0.3130015872747323,1.0,-0.07925487724633729,0.23374671002839503
452,-0.7000000000000117,0.3050301809407212,1.0,0.06011313777893083,0.36514331871965205
453,-0.6750000000000118,0.2952179512421484,1.0,0.13115788587561739,0.4263758371177658
454,-0.6500000000000119,0.2837710478921502,1.0,0.2147994964013606,0.4985705442935108
455,-0.625000000000012,0.2710930017385101,1.0,-0.03518115150450268,0.2359118502340074
456,-0.6000000000000121,0.2577422419545499,1.0,0.03418638284526392,0.29192862479981385
457,-0.5750000000000122,0.2443443197883648,1.0,-0.02785661068101741,0.21648770910734738
458,-0.5500000000000123,0.2314924416572275,1.0,-0.19849159915758852,0.03300084249963897
459,-0.5250000000000123,0.2196840891297874,1.0,-0.10545301274521772,0.11423107638456968
460,-0.5000000000000124,0.2093212232347476,1.0,0.09525440850887175,0.30457563174361935
461,-0.4750000000000125,0.2007593904443478,1.0,0.2120265342660307,0.41278592471037845
462,-0.4500000000000126,0.1943626053568934,1.0,0.18708701035807046,0.38144961571496383
463,-0.4250000000000127,0.1905234128997674,1.0,0.11580731535918903,0.30633072825895646
464,-0.4000000000000128,0.1896289955829612,1.0,-0.15191487263179823,0.03771412295116297
465,-0.3750000000000129,0.191981295860032,1.0,-0.020485131478953807,0.17149616438107818
466,-0.3500000000000129,0.1977134760396949,1.0,-0.0730202581944598,0.12469321784523511
467,-0.325000000000013,0.2067846748144121,1.0,-0.012172597401308974,0.19461207741310313
468,-0.3000000000000131,0.2191404359766073,1.0,0.03396670392500538,0.25310713990161265
469,-0.2750000000000132,0.2350388751430029,1.0,-0.06926562174715657,0.1657732533958463
470,-0.2500000000000133,0.2553896163095334,1.0,0.1239505640070334,0.3793401803165668
471,-0.2250000000000134,0.2818664409913821,1.0,-0.08995688277443027,0.19190955821695183
472,-0.2000000000000135,0.3165916110263476,1.0,0.09279994164810888,0.4093915526744565
473,-0.1750000000000136,0.3612844804573325,1.0,-0.0008790090537669191,0.3604054714035656
474,-0.1500000000000136,0.4160374177700777,1.0,0.17597301233720808,0.5920104301072857
475,-0.1250000000000137,0.4784890735437981,1.0,0.19337883653088264,0.6718679100746807
476,-0.1000000000000138,0.5443962736233227,1.0,-0.013976679608510944,0.5304195940148118
477,-0.0750000000000139,0.6094632571265391,1.0,-0.0563341224625863,0.5531291346639529
478,-0.050000000000014,0.6709279140611003,1.0,0.03455827018348454,0.7054861842445849
479,-0.0250000000000141,0.7278150719117976,1.0,-0.06719227615092117,0.6606227957608765
480,-1.4210854715202004e-14,0.7801425614956482,1.0,-0.033714829267572854,0.7464277322280753
481,0.0249999999999861,0.8279042396106255,1.0,-0.050535972536679005,0.7773682670739466
482,0.0499999999999856,0.8703825461782919,1.0,0.03399065408714327,0.9043732002654352
483,0.074999999999985,0.9060050730109696,1.0,0.1316451499992743,1.0376502230102438
484,0.0999999999999854,0.932667213393126,1.0,0.09448502465301245,1.0271522380461384
485,0.1249999999999857,0.9481325450756656,1.0,0.10403346843876043,1.052166013514426
486,0.1499999999999852,0.9536007437890476,1.0,0.05224871424450842,1.005849458033556
487,0.1749999999999847,0.9832875310732548,1.0,-0.18486643502323646,0.7984210960500184
488,0.199999999999985,0.9764569900378236,1.0,0.07425990260645444,1.050716892644278
489,0.2249999999999854,0.9787611045058052,1.0,-0.06764843755531533,0.9111126669504899
490,0.2499999999999849,0.9934131472345942,1.0,-0.014214358758682091,0.9791987884759121
491,0.2749999999999843,0.9989837374323676,1.0,0.02480275956508813,1.0237864969974557
492,0.2999999999999847,0.9999999999999992,1.0,0.07019286072283792,1.070192860722837
493,0.3249999999999851,0.9920957505533984,1.0,0.13841055844443115,1.1305063089978296
494,0.3499999999999845,0.7961287826125085,1.0,-0.061308825784940096,0.7348199568275684
495,0.374999999999984,0.6511116825043476,1.0,-0.15368887845669496,0.4974228040476526
496,0.3999999999999843,0.7170870992089085,1.0,-0.28716508675406854,0.4299220124548399
497,0.4249999999999847,0.750763340439422,1.0,0.031203543816376262,0.7819668842557982
498,0.4499999999999842,0.7694859386319968,1.0,-0.06285535193520075,0.706630586696796
499,0.4749999999999836,0.7766969963692297,1.0,-0.17558217823484085,0.6011148181343888
500,0.499999999999984,0.7763952938235732,1.0,-0.21211993650981756,0.5642753573137557
501,0.5249999999999844,0.7721183114556657,1.0,0.060528331382108,0.8326466428377737
502,0.5499999999999838,0.7658839375488556,1.0,-0.15600548428576472,0.609878453263091
503,0.5749999999999833,0.758401213352004,1.0,0.00535319300711884,0.763754406359123
504,0.5999999999999837,0.7493382721802455,1.0,0.17688332885745026,0.9262216010376958
505,0.624999999999984,0.737209295687839,1.0,0.04208632502963885,0.7792956207174778
506,0.6499999999999835,0.7195055457488582,1.0,-0.034755001232475206,0.684750544516383
507,0.674999999999983,0.6945953160244887,1.0,0.07266983105115606,0.7672651470756447
508,0.6999999999999833,0.6660700676948926,1.0,0.18953723650265433,0.8556073041975469
509,0.7249999999999837,0.6419127081133575,1.0,0.19591642268364,0.8378291307969976
510,0.7499999999999831,0.6260383401213276,1.0,-0.1293432520419262,0.49669508807940144
511,0.7749999999999826,0.6179222813457799,1.0,-0.07979150696600232,0.5381307743797775
512,0.799999999999983,0.6158679708305627,1.0,0.1078656056723133,0.723733576502876
513,0.8249999999999833,0.6177918094379136,1.0,-0.06613249172375149,0.5516593177141621
514,0.8499999999999828,0.6230645535527191,1.0,-0.04998030612752622,0.5730842474251928
515,0.8749999999999822,0.6328277759110995,1.0,-0.00021560527835026,0.6326121706327492
516,0.8999999999999826,0.6489587099516807,1.0,-0.055396608798882405,0.5935621011527983
517,0.924999999999983,0.6736389160117265,1.0,0.011199970584990084,0.6848388865967167
518,0.9499999999999824,0.7080965607753236,1.0,0.02395113796248352,0.7320476987378071
519,0.974999999999982,0.7490653566911264,1.0,0.04819548901629476,0.7972608457074212
520,0.9999999999999822,0.7867485884060568,1.0,-0.04890647205392213,0.7378421163521346
521,1.0249999999999826,0.8104350084574378,1.0,-0.005141081899503241,0.8052939265579345
522,1.049999999999982,0.81413720473514,1.0,0.08598080733962862,0.9001180120747686
523,1.0749999999999815,0.7928740265879735,1.0,-0.1282806341703341,0.6645933924176394
524,1.099999999999982,0.7381547814435198,1.0,0.2006967614060626,0.9388515428495824
525,1.1249999999999822,0.6414746610045091,1.0,-0.048119643933617874,0.5933550170708912
526,1.1499999999999817,0.5058838903389318,1.0,0.07291204696211089,0.5787959373010426
527,1.1749999999999812,0.3558046018320753,1.0,0.13556718388174036,0.4913717857138157
528,1.1999999999999815,0.2265650939639702,1.0,-0.11282586428456592,0.11373922967940428
529,1.224999999999982,0.1378264182983634,1.0,0.0926768755001188,0.2305032937984822
530,1.2499999999999811,0.0857400835358747,1.0,0.0870346218610823,0.172774705396957
531,1.2749999999999808,0.0573395641299978,1.0,0.03054003869261655,0.08787960282261435
532,1.2999999999999812,0.0420223421070894,1.0,0.1280362775595931,0.1700586196666825
533,1.3249999999999815,0.033589622011108,1.0,0.026071896164500397,0.0596615181756084
534,1.349999999999981,0.028817630055297,1.0,0.027698810489813267,0.056516440545110264
535,1.3749999999999805,0.0260615732784775,1.0,-0.11363621535989578,-0.08757464208141828
536,1.3999999999999808,0.0244593900948559,1.0,0.0657408446822218,0.0902002347770777
537,1.4249999999999812,0.0235383509593485,1.0,0.0500463055668018,0.0735846565261503
538,1.4499999999999806,0.0230264984962281,1.0,0.08988223418802152,0.11290873268424961
539,1.47499999999998,0.0227606704398986,1.0,-0.15727563059164068,-0.13451496015174208
540,1.4999999999999805,0.0226397485617112,1.0,-0.20467388262350583,-0.18203413406179464
541,1.5249999999999808,0.0225996137628139,1.0,-0.07287001828876769,-0.050270404525953785
542,1.5499999999999805,0.022598984093449,1.0,-0.2309480709224511,-0.2083490868290021
543,1.5749999999999795,0.0226110194647052,1.0,0.1465667372212063,0.1691777566859115
544,1.59999999999998,0.0226181642785197,1.0,-0.24653764499594785,-0.22391948071742815
545,1.6249999999999805,0.0226089035569557,1.0,-0.04448892721293974,-0.02188002365598404
546,1.64999999999998,0.0225756945028828,1.0,-0.1521293281375123,-0.1295536336346295
547,1.6749999999999794,0.0225136387552309,1.0,0.048875746344914095,0.071389385100145
548,1.6999999999999795,0.0224196282697965,1.0,0.05148844910934775,0.07390807737914426
549,1.72499999999998,0.022291796092448,1.0,0.04449606272242371,0.0667878588148717
550,1.7499999999999796,0.022129163595058,1.0,0.1613449004680639,0.18347406406312192
551,1.774999999999979,0.0219314138289806,1.0,-0.0855921317783482,-0.06366071794936759
552,1.7999999999999794,0.0216987451359952,1.0,-0.011018271394333612,0.010680473741661587
553,1.82499999999998,0.0214317750665023,1.0,-0.033841098159767824,-0.012409323093265524
554,1.8499999999999792,0.0211314750642625,1.0,0.14353343445395234,0.16466490951821483
555,1.874999999999979,0.0207991232265296,1.0,-0.13761723743465906,-0.11681811420812946
556,1.899999999999979,0.020436266983313,1.0,0.0322879384243306,0.052724205407643596
557,1.9249999999999796,0.0200446905649088,1.0,0.052617314840289794,0.0726620054051986
558,1.9499999999999789,0.0196263841639392,1.0,0.021849121071592214,0.04147550523553141
559,1.9749999999999783,0.0191835130828123,1.0,-0.12392533901117542,-0.10474182592836312
560,1.999999999999979,0.0187183861044642,1.0,-0.009802109151824268,0.008916276952639933
561,2.024999999999979,0.0182334229692787,1.0,0.13131562387052972,0.14954904683980844
562,2.0499999999999785,0.0177311212696017,1.0,0.021806423231043072,0.03953754450064477
563,2.074999999999978,0.0172140233394283,1.0,-0.05196132979893536,-0.03474730645950706
564,2.0999999999999783,0.0166846838565553,1.0,0.030677617228979492,0.0473623010855348
565,2.1249999999999787,0.0161456389138221,1.0,0.0859001377266705,0.10204577664049261
566,2.149999999999978,0.0155993772764421,1.0,-0.021623396590307504,-0.006024019313865404
567,2.1749999999999776,0.0150483144433861,1.0,-0.08458186651832685,-0.06953355207494075
568,2.199999999999978,0.0144947699910665,1.0,0.052523429036937866,0.06701819902800436
569,2.2249999999999783,0.013940948515047,1.0,-0.00903841167108783,0.004902536843959169
570,2.249999999999978,0.0133889243166033,1.0,-0.14531447220595714,-0.13192554788935384
571,2.2749999999999773,0.0128406298198214,1.0,0.06579936474729325,0.07863999456711465
572,2.2999999999999776,0.0122978475626702,1.0,-0.10123492326447357,-0.08893707570180337
573,2.324999999999978,0.0117622054898903,1.0,0.04510362773618126,0.05686583322607156
574,2.349999999999977,0.0112351751908306,1.0,-0.06001562629604312,-0.04878045110521252
575,2.374999999999977,0.0107180726725589,1.0,-0.04019016044642662,-0.02947208777386772
576,2.3999999999999773,0.0102120612359809,1.0,-0.0916836373022505,-0.0814715760662696
577,2.4249999999999776,0.0097181560265429,1.0,0.13183526416049204,0.14155342018703496
578,2.449999999999977,0.0092372298563267,1.0,-0.09442045115793951,-0.08518322130161281
579,2.474999999999977,0.0087700199352357,1.0,0.09231054072240591,0.10108056065764161
580,2.499999999999977,0.0083171351998092,1.0,0.11379002166792533,0.12210715686773453
581,2.5249999999999773,0.0078790639836663,1.0,-0.09886615088081593,-0.09098708689714963
582,2.5499999999999767,0.0074561818291539,1.0,-0.07267438864302689,-0.06521820681387298
583,2.574999999999976,0.0070487592918303,1.0,0.19071500675759775,0.19776376604942805
584,2.599999999999977,0.0066569696353976,1.0,0.01903741714227416,0.02569438677767176
585,2.624999999999977,0.0062808963529708,1.0,-0.03849966833680337,-0.03221877198383257
586,2.6499999999999764,0.0059205404804457,1.0,0.0291061868491783,0.035026727329624
587,2.674999999999976,0.0055758276892168,1.0,0.1572834539512979,0.1628592816405147
588,2.699999999999976,0.005246615159237,1.0,0.3042018249627144,0.30944844012195144
589,2.724999999999977,0.0049326982404376,1.0,0.028296535311000254,0.03322923355143785
590,2.749999999999976,0.0046338169121429,1.0,-0.18955616143394205,-0.18492234452179915
591,2.7749999999999755,0.0043496620477371,1.0,0.21991591463494808,0.22426557668268518
592,2.799999999999976,0.0040798814868758,1.0,-0.03515475157824424,-0.03107487009136844
593,2.824999999999976,0.0038240859112654,1.0,-0.11545971104636214,-0.11163562513509674
594,2.849999999999976,0.0035818545135879,1.0,-0.07521048492245704,-0.07162863040886913
595,2.874999999999975,0.0033527404433931,1.0,0.13001823791606193,0.13337097835945502
596,2.8999999999999755,0.0031362760093528,1.0,0.0453598054984724,0.048496081507825195
597,2.924999999999976,0.0029319776145791,1.0,0.14434471647017347,0.14727669408475258
598,2.9499999999999758,0.0027393504008702,1.0,-0.04416118254852733,-0.04142183214765713
599,2.9749999999999748,0.0025578925787736,1.0,-0.017566801320466563,-0.015008908741692962
600,2.999999999999975,0.0023870994230248,1.0,0.09837160191792156,0.10075870134094636
601,3.0249999999999755,0.0022264669169449,1.0,0.09098498074510028,0.09321144766204519
602,3.049999999999975,0.002075495034401,1.0,0.17086814216263982,0.1729436371970408
603,3.0749999999999744,0.0019336906535582,1.0,-0.15203975547757273,-0.15010606482401453
604,3.0999999999999748,0.0018005701025015,1.0,0.06351997500251078,0.06532054510501227
605,3.124999999999975,0.0016756613425513,1.0,0.027983301152617067,0.02965896249516837
606,3.1499999999999746,0.0015585058004369,1.0,0.11487495674877579,0.11643346254921269
607,3.174999999999974,0.0014486598652251,1.0,-0.09326015693029731,-0.0918114970650722
608,3.1999999999999744,0.00134569606986,1.0,0.09051002182609626,0.09185571789595626
609,3.2249999999999748,0.0012492039802808,1.0,-0.1989414305221539,-0.1976922265418731
610,3.2499999999999742,0.0011587908173159,1.0,0.06050413570922096,0.06166292652653686
611,3.2749999999999737,0.0010740818379284,1.0,0.051011373948810675,0.05208545578673907
612,3.299999999999974,0.0009947205029705,1.0,-0.06249337598399703,-0.06149865548102652
613,3.3249999999999744,0.0009203684584862,1.0,-0.2919338741617252,-0.29101350570323903
614,3.349999999999974,0.0008507053568838,1.0,0.06564670394652657,0.06649740930341036
615,3.3749999999999734,0.000785428543096,1.0,0.2492430816146007,0.2500285101576967
616,3.3999999999999737,0.0007242526292784,1.0,0.02881344712989081,0.029537699759169207
617,3.424999999999974,0.0006669089797587,1.0,0.00435703273064627,0.005023941710404971
618,3.449999999999973,0.0006131451259523,1.0,-0.1365597745850486,-0.13594662945909627
619,3.474999999999973,0.0005627241288805,1.0,-0.07839049601707195,-0.07782777188819144
620,3.4999999999999734,0.0005154239048441,1.0,0.1415612696674163,0.1420766935722604
621,3.5249999999999737,0.0004710365277647,1.0,0.04475572947552212,0.045226766003286824
622,3.549999999999973,0.0004293675197652,1.0,-0.033151665591678835,-0.03272229807191363
623,3.5749999999999726,0.0003902351397453,1.0,0.022066432901684748,0.02245666804143005
624,3.599999999999973,0.0003534696780349,1.0,0.09926171082659185,0.09961518050462675
625,3.624999999999973,0.0003189127636973,1.0,0.14772378837933628,0.14804270114303358
626,3.649999999999973,0.0002864166897089,1.0,-0.07002559725857499,-0.06973918056886609
627,3.674999999999972,0.0002558437600498,1.0,0.0013481989106808572,0.0016040426707306572
628,3.6999999999999726,0.000227065661718,1.0,0.017042732269934264,0.017269797931652262
629,3.724999999999973,0.0001999628637892,1.0,-0.10516979070171022,-0.10496982783792101
630,3.749999999999973,0.0001744240449023,1.0,-0.006928512299088659,-0.006754088254186359
631,3.774999999999972,0.0001503455499278,1.0,0.02862415311634061,0.02877449866626841
632,3.799999999999972,0.00012763087606,1.0,0.02044001598026927,0.02056764685632927
633,3.8249999999999726,0.0001061901881645,1.0,-0.11180565024204338,-0.11169946005387887
634,3.849999999999972,8.593986288109753e-05,1.0,0.07909107421637775,0.07917701407925884
635,3.874999999999972,6.680206072726844e-05,1.0,-0.09376938236087162,-0.09370258030014435
636,3.899999999999972,4.870432525715591e-05,1.0,0.02261332655242601,0.022662030877683165
637,3.924999999999972,3.1579208188797165e-05,1.0,0.08690819504670201,0.08693977425489081
638,3.949999999999972,1.5363919320825637e-05,1.0,0.0443558395083569,0.044371203427677725
639,3.9749999999999712,0.0,1.0,-0.03259753942654326,-0.03259753942654326
640,-4.0,0.1059532909137601,2.0,-0.10644988631779562,-0.0004965954040355158
641,-3.975,0.1058947754865048,2.0,-0.14410737746434915,-0.038212601977844346
642,-3.95,0.1059060006699966,2.0,-0.1757862698745172,-0.0698802692045206
643,-3.925,0.1059929289331356,2.0,-0.040396549304545004,0.06559637962859059
644,-3.9,0.106161984524544,2.0,-0.20770205062100275,-0.10154006609645874
645,-3.875,0.1064200880503039,2.0,-0.12722682105692806,-0.020806733006624167
646,-3.850000000000001,0.1067746913954892,2.0,-0.08357355060871532,0.023201140786773877
647,-3.8250000000000006,0.1072338121632095,2.0,0.04523582134778592,0.1524696335109954
648,-3.8000000000000007,0.1078060665605872,2.0,0.030147364448072575,0.13795343100865975
649,-3.775000000000001,0.1085006993798087,2.0,0.012522187950394285,0.12102288733020299
650,-3.750000000000001,0.1093276094051354,2.0,-0.23621021266926512,-0.1268826032641297
651,-3.725000000000001,0.1102973682270857,2.0,0.08925875342369029,0.199556121650776
652,-3.700000000000001,0.1114212300700839,2.0,0.04692825533355867,0.15834948540364258
653,-3.675000000000001,0.1127111298515852,2.0,0.06457410547303684,0.17728523532462204
654,-3.650000000000001,0.114179666306726,2.0,-0.014546055208655624,0.09963361109807038
655,-3.625000000000001,0.115840066657832,2.0,-0.04482860638820531,0.0710114602696267
656,-3.6000000000000014,0.1177061290157273,2.0,-0.0025910013529258924,0.11511512766280141
657,-3.575000000000001,0.1197921385118423,2.0,0.1764906761499607,0.296282814661803
658,-3.5500000000000016,0.1221127531276636,2.0,0.08273315497730763,0.20484590810497122
659,-3.5250000000000017,0.1246828553699606,2.0,0.08069820048137537,0.20538105585133598
660,-3.5000000000000018,0.1275173664000965,2.0,0.16161070916097595,0.28912807556107245
661,-3.475000000000002,0.1306310200269936,2.0,-0.18282134800799213,-0.05219032798099854
662,-3.450000000000002,0.1340380951711576,2.0,-0.004747917871517596,0.12929017729964
663,-3.425000000000002,0.1377521070381809,2.0,-0.15163303531459332,-0.013880928276412435
664,-3.400000000000002,0.141785459309546,2.0,0.031741912251174446,0.17352737156072046
665,-3.375000000000002,0.1461490621264558,2.0,0.004161811915177676,0.15031087404163346
666,-3.3500000000000023,0.1508519234111018,2.0,0.04456007041430624,0.19541199382540803
667,-3.3250000000000024,0.1559007239750379,2.0,-0.04993845826761325,0.10596226570742465
668,-3.3000000000000025,0.1612993896737675,2.0,0.1901682609953136,0.3514676506690811
669,-3.2750000000000026,0.1670486762885533,2.0,-0.09052645252055351,0.07652222376799979
670,-3.2500000000000027,0.1731457845207806,2.0,-0.0770083509174704,0.09613743360331022
671,-3.2250000000000028,0.1795840231352836,2.0,0.06020885828250311,0.2397928814177867
672,-3.200000000000003,0.1863525375882617,2.0,0.026561929208619713,0.21291446679688142
673,-3.175000000000003,0.193436119205663,2.0,-0.04299686037173011,0.1504392588339329
674,-3.150000000000003,0.20081510604415,2.0,0.09370843311327684,0.29452353915742685
675,-3.125000000000003,0.2084653810210091,2.0,-0.015491792728878746,0.19297358829213035
676,-3.100000000000003,0.2163584659446653,2.0,-0.05424493462665568,0.1621135313180096
677,-3.0750000000000037,0.2244617020451897,2.0,-0.18628089962994157,0.03818080241524813
678,-3.050000000000004,0.2327384989071945,2.0,-0.22237411402622276,0.010364384880971744
679,-3.0250000000000035,0.2411486247761694,2.0,-0.09176925905366248,0.14937936572250693
680,-3.000000000000004,0.249648502422276,2.0,-0.06153153179491908,0.1881169706273569
681,-2.975000000000004,0.2581914663727187,2.0,0.2152901911572393,0.473481657529958
682,-2.950000000000004,0.2667279294962,2.0,-0.08119428355377432,0.18553364594242566
683,-2.925000000000004,0.2752053996516432,2.0,-0.12221929573898643,0.15298610391265677
684,-2.900000000000004,0.2835682803744988,2.0,0.19852789747186775,0.4820961778463666
685,-2.875000000000004,0.2917573834949101,2.0,-0.01961141614762768,0.2721459673472824
686,-2.850000000000004,0.2997090767789229,2.0,0.09087155252499297,0.39058062930391585
687,-2.825000000000004,0.3073539878523696,2.0,-0.04585668783073876,0.26149730002163085
688,-2.8000000000000043,0.3146151906128038,2.0,0.014225244685841252,0.32884043529864504
689,-2.7750000000000044,0.3214058197886151,2.0,0.13426314839612016,0.45566896818473523
690,-2.7500000000000044,0.327626108139962,2.0,0.29886532377596164,0.6264914319159236
691,-2.7250000000000045,0.3331599467135248,2.0,-0.07310331484379883,0.26005663186972594
692,-2.7000000000000046,0.3378712819546562,2.0,0.14716096003016604,0.48503224198482225
693,-2.6750000000000047,0.3416010738760294,2.0,0.19674927388138785,0.5383503477574172
694,-2.650000000000005,0.3441663007193614,2.0,0.047888148868273646,0.392054449587635
695,-2.625000000000005,0.3453638571451868,2.0,-0.09822592194036446,0.24713793520482236
696,-2.600000000000005,0.3449845159344027,2.0,0.03341767382943476,0.3784021897638375
697,-2.575000000000005,0.3428458000324593,2.0,-0.3305977022011664,0.012248097831292881
698,-2.550000000000005,0.338857672190222,2.0,-0.07203369184957639,0.2668239803406456
699,-2.525000000000005,0.3331399101455646,2.0,-0.21406933796521396,0.11907057218035064
700,-2.5000000000000053,0.3262095557832107,2.0,0.005924217150095895,0.3321337729333066
701,-2.4750000000000054,0.3192392001412836,2.0,0.15131475058935648,0.4705539507306401
702,-2.450000000000005,0.3143370463594691,2.0,0.06735188567766275,0.38168893203713183
703,-2.4250000000000056,0.31471648230535,2.0,-0.03304314523173265,0.28167333707361736
704,-2.4000000000000057,0.3245374819732103,2.0,0.10625684688063212,0.43079432885384245
705,-2.3750000000000058,0.3481506958638212,2.0,0.042093580522843475,0.39024427638666465
706,-2.350000000000006,0.3885023322381069,2.0,0.07283171224880589,0.46133404448691273
707,-2.325000000000006,0.4449096928178633,2.0,-0.08582277667332679,0.3590869161445365
708,-2.300000000000006,0.5117527523728849,2.0,-0.12183348460761123,0.38991926776527364
709,-2.275000000000006,0.5802594456581501,2.0,0.13538810576612845,0.7156475514242786
710,-2.250000000000006,0.6426931802425097,2.0,-0.08379475456581355,0.5588984256766961
711,-2.2250000000000063,0.6951866798661042,2.0,0.09177573042857051,0.7869624102946746
712,-2.2000000000000064,0.7374874771352202,2.0,0.0714392733993412,0.8089267505345614
713,-2.1750000000000065,0.771229828767143,2.0,0.28537251051264473,1.0566023392797876
714,-2.1500000000000066,0.7984939907326047,2.0,-0.02260898532481146,0.7758850054077933
715,-2.1250000000000067,0.8210940015409232,2.0,0.002714421050555568,0.8238084225914787
716,-2.1000000000000068,0.8403635421599953,2.0,-0.18478100127775224,0.6555825408822431
717,-2.075000000000007,0.8571744394471301,2.0,-0.016743233622369576,0.8404312058247605
718,-2.050000000000007,0.8720398129363319,2.0,-0.09019958418940784,0.781840228746924
719,-2.025000000000007,0.8852345224889754,2.0,-0.1325757209630338,0.7526588015259416
720,-2.000000000000007,0.8969016634984027,2.0,0.02052183727115115,0.9174235007695539
721,-1.9750000000000072,0.9071307074568706,2.0,-0.09462406165561052,0.8125066458012601
722,-1.9500000000000075,0.9160042582203792,2.0,-0.12497386383938577,0.7910303943809934
723,-1.9250000000000076,0.9236185265861916,2.0,0.06924816859622437,0.992866695182416
724,-1.9000000000000077,0.9300864461939616,2.0,0.20094779243320107,1.1310342386271628
725,-1.8750000000000075,0.9355321264484008,2.0,-0.056800382232902354,0.8787317442154984
726,-1.850000000000008,0.940082861913168,2.0,0.05185636323781144,0.9919392251509794
727,-1.825000000000008,0.9438620776769864,2.0,0.040161663625513926,0.9840237413025003
728,-1.8000000000000078,0.9469844446391528,2.0,0.172627509005414,1.1196119536445668
729,-1.775000000000008,0.94955317657258,2.0,-0.01562856907499271,0.9339246074975873
730,-1.750000000000008,0.9516590157280445,2.0,-0.04369277730677056,0.9079662384212739
731,-1.725000000000008,0.9533803251227844,2.0,-0.11669232804931556,0.8366879970734689
732,-1.7000000000000082,0.9547838001235324,2.0,-0.21138311809540777,0.7434006820281246
733,-1.6750000000000085,0.95592545386826,2.0,0.09416556588241187,1.0500910197506719
734,-1.6500000000000083,0.9568516590512112,2.0,0.019029185555810946,0.9758808446070221
735,-1.6250000000000084,0.9576001237394334,2.0,-0.0756553416493475,0.8819447820900859
736,-1.6000000000000083,0.9582007417374204,2.0,0.03669135632588892,0.9948920980633094
737,-1.5750000000000086,0.9586762955663444,2.0,0.001936835796288647,0.960613131362633
738,-1.5500000000000087,0.9590430099257072,2.0,-0.02684776377141846,0.9321952461542887
739,-1.5250000000000088,0.959310961625864,2.0,0.06359269586371477,1.022903657489579
740,-1.5000000000000089,0.9594843527181244,2.0,0.1692035404031862,1.1286878931213105
741,-1.475000000000009,0.95956164978546,2.0,-0.23439698640049647,0.7251646633849635
742,-1.450000000000009,0.9595355860875416,2.0,-0.19355380443674902,0.7659817816507926
743,-1.4250000000000091,0.9593930162155992,2.0,0.10480130211671934,1.0641943183323186
744,-1.4000000000000092,0.959114607404571,2.0,-0.10608513990500174,0.8530294674995693
745,-1.375000000000009,0.9586743517590284,2.0,0.13382257857687596,1.0924969303359044
746,-1.3500000000000094,0.9580388970320188,2.0,-0.13714892258898742,0.8208899744430314
747,-1.3250000000000095,0.9571667334558592,2.0,0.07042848860063426,1.0275952220564935
748,-1.3000000000000096,0.9560073592769832,2.0,-0.04962947253093013,0.9063778867460531
749,-1.2750000000000097,0.9545006943162248,2.0,-0.02643892960581017,0.9280617647104146
750,-1.2500000000000098,0.9525772025575604,2.0,-0.0006813296219601042,0.9518958729356003
751,-1.22500000000001,0.9501593016997604,2.0,-0.05135010255497498,0.8988091991447854
752,-1.20000000000001,0.9471643489016812,2.0,-0.06071501448470163,0.8864493344169796
753,-1.17500000000001,0.9435082112095168,2.0,0.08156055130732706,1.0250687625168438
754,-1.15000000000001,0.9391056255025608,2.0,-0.05164040903223715,0.8874652164703237
755,-1.1250000000000102,0.9338597608273098,2.0,-0.2951654768489915,0.6386942839783183
756,-1.1000000000000103,0.9276315537978296,2.0,0.11242212866503845,1.0400536824628681
757,-1.0750000000000104,0.9201846559903968,2.0,-0.07924268404434855,0.8409419719460483
758,-1.0500000000000105,0.9111185344197228,2.0,-0.05685025347413019,0.8542682809455926
759,-1.0250000000000106,0.8998311304664726,2.0,-0.08242579954374808,0.8174053309227245
760,-1.0000000000000109,0.8855897027839083,2.0,-0.12594569290906787,0.7596440098748404
761,-0.9750000000000107,0.8678082635480648,2.0,0.03222236747428416,0.900030631022349
762,-0.9500000000000108,0.8465418028057344,2.0,-0.1384753032301091,0.7080664995756254
763,-0.9250000000000108,0.822920508173507,2.0,-0.12427752487290727,0.6986429833005998
764,-0.900000000000011,0.799010096689168,2.0,-0.01155482108287918,0.7874552756062888
765,-0.8750000000000111,0.7769650048494836,2.0,0.07893099095924963,0.8558959958087332
766,-0.8500000000000112,0.7580932226435536,2.0,-0.06184450493122816,0.6962487177123254
767,-0.8250000000000113,0.742475738141913,2.0,0.14527555099586004,0.887751289137773
768,-0.8000000000000114,0.7291395719759288,2.0,-0.07886912641790061,0.6502704455580282
769,-0.7750000000000115,0.7164833037309842,2.0,0.15382111830915193,0.8703044220401361
770,-0.7500000000000115,0.7028252566841698,2.0,-0.020626313022472743,0.6821989436616971
771,-0.7250000000000116,0.6871110439302415,2.0,0.1271742329851799,0.8142852769154214
772,-0.7000000000000117,0.6697674527624274,2.0,0.17293125057405875,0.8426987033364862
773,-0.6750000000000118,0.6533590639755991,2.0,-0.09058739811571927,0.5627716658598798
774,-0.6500000000000119,0.6420762939241799,2.0,0.023964894986222476,0.6660411889104023
775,-0.625000000000012,0.6387597921382633,2.0,0.13948217840001137,0.7782419705382746
776,-0.6000000000000121,0.6398135494894671,2.0,-0.032232901371116715,0.6075806481183504
777,-0.5750000000000122,0.6327487696980489,2.0,-0.05903904544059666,0.5737097242574523
778,-0.5500000000000123,0.6016478712741997,2.0,0.1426968464486177,0.7443447177228174
779,-0.5250000000000123,0.536303399303904,2.0,0.23253656575817602,0.7688399650620801
780,-0.5000000000000124,0.4383753374058015,2.0,0.011671977507977079,0.4500473149137786
781,-0.4750000000000125,0.3237042136472818,2.0,0.231220225332179,0.5549244389794608
782,-0.4500000000000126,0.216015336250423,2.0,-0.1924976008038442,0.023517735446578786
783,-0.4250000000000127,0.133133983573433,2.0,-0.06277120259181103,0.07036278098162198
784,-0.4000000000000128,0.0788423856647324,2.0,0.03963378115583699,0.11847616682056938
785,-0.3750000000000129,0.0467297002909801,2.0,0.01701599258542227,0.06374569287640237
786,-0.3500000000000129,0.0283879935819739,2.0,-0.050441640968672305,-0.022053647386698405
787,-0.325000000000013,0.0176900526469255,2.0,-0.07913491988297075,-0.06144486723604525
788,-0.3000000000000131,0.0110743996155281,2.0,-0.15706662445902642,-0.14599222484349833
789,-0.2750000000000132,0.0066523583153778,2.0,-0.1471164194544341,-0.1404640611390563
790,-0.2500000000000133,0.0034864832669786,2.0,-0.16039980304011878,-0.1569133197731402
791,-0.2250000000000134,0.0012341320493188,2.0,-0.14951949246042576,-0.14828536041110696
792,-0.2000000000000135,0.0,2.0,-0.06981304867493131,-0.06981304867493131
793,-0.1750000000000136,0.0001852632801225,2.0,0.013395513338657659,0.013580776618780158
794,-0.1500000000000136,0.0023256077123434,2.0,-0.08262331941104173,-0.08029771169869833
795,-0.1250000000000137,0.0071125504716644,2.0,-0.0750978220544219,-0.06798527158275751
796,-0.1000000000000138,0.0156818947437221,2.0,0.18108208075946747,0.19676397550318958
797,-0.0750000000000139,0.0302205727180308,2.0,0.028160753973872202,0.058381326691903004
798,-0.050000000000014,0.0550629307278179,2.0,-0.09896713557405756,-0.043904204846239664
799,-0.0250000000000141,0.0975129049587177,2.0,0.07097275689767883,0.16848566185639652
800,-1.4210854715202004e-14,0.1631805664469318,2.0,-0.14352831863513774,0.01965224781179406
801,0.0249999999999861,0.2399032214450023,2.0,0.009373499418536067,0.2492767208635384
802,0.0499999999999856,0.2959504120232616,2.0,-0.10284995731760084,0.19310045470566078
803,0.074999999999985,0.3142201259934239,2.0,0.18065676018661594,0.4948768861800399
804,0.0999999999999854,0.3043271628406317,2.0,-0.016539502885022456,0.2877876599556093
805,0.1249999999999857,0.283210992120952,2.0,-0.1834668203626755,0.09974417175827652
806,0.1499999999999852,0.2623149383962229,2.0,0.10274811709933249,0.3650630554955554
807,0.1749999999999847,0.2467206905781457,2.0,0.008904646315712462,0.25562533689385813
808,0.199999999999985,0.2380391726889093,2.0,-0.02194268164299365,0.21609649104591566
809,0.2249999999999854,0.2367615389794544,2.0,-0.19843963673941428,0.03832190224004012
810,0.2499999999999849,0.2434781712150709,2.0,-0.05189727444936695,0.19158089676570395
811,0.2749999999999843,0.2593628537651978,2.0,0.024896631634344375,0.28425948539954216
812,0.2999999999999847,0.2860802772502725,2.0,-0.27276279414832527,0.013317483101947247
813,0.3249999999999851,0.3248509126973606,2.0,0.2256251466878791,0.5504760593852397
814,0.3499999999999845,0.3750282219714124,2.0,0.13016184021137886,0.5051900621827913
815,0.374999999999984,0.4358053533232072,2.0,-0.0870711532839022,0.348734200039305
816,0.3999999999999843,0.5120712228973954,2.0,0.16628852717191986,0.6783597500693153
817,0.4249999999999847,0.6049680050636506,2.0,0.05766773005909484,0.6626357351227454
818,0.4499999999999842,0.6927253627252572,2.0,-0.014773550297145515,0.6779518124281116
819,0.4749999999999836,0.7588699262972358,2.0,-0.09731968095543915,0.6615502453417966
820,0.499999999999984,0.8081572967820649,2.0,0.059184688807894806,0.8673419855899598
821,0.5249999999999844,0.8420105355778631,2.0,-0.167051137284742,0.6749593982931211
822,0.5499999999999838,0.8590576567035965,2.0,0.00041223365096809363,0.8594698903545646
823,0.5749999999999833,0.8611898177952996,2.0,-0.20996338374517215,0.6512264340501275
824,0.5999999999999837,0.8512508498993248,2.0,-0.10641269322645065,0.7448381566728741
825,0.624999999999984,0.8312688091299241,2.0,0.07105640843017616,0.9023252175601002
826,0.6499999999999835,0.8030825011894559,2.0,-0.2898826603059644,0.5131998408834915
827,0.674999999999983,0.7733582397637009,2.0,-0.04999661738962383,0.7233616223740771
828,0.6999999999999833,0.7647957996558913,2.0,0.12470137236309589,0.8894971720189871
829,0.7249999999999837,0.8154176353857941,2.0,0.021136665049287972,0.8365543004350822
830,0.7499999999999831,0.9135073642271914,2.0,0.13083428901263133,1.0443416532398226
831,0.7749999999999826,0.97541441845782,2.0,0.09877494930777209,1.074189367765592
832,0.799999999999983,0.9939162865446513,2.0,-0.16197444316263493,0.8319418433820163
833,0.8249999999999833,0.998624260940818,2.0,-0.03481278420448733,0.9638114767363307
834,0.8499999999999828,0.9998800528317524,2.0,-0.018591037934204115,0.9812890148975483
835,0.8749999999999822,0.9999999999999992,2.0,0.03313138231000289,1.0331313823100021
836,0.8999999999999826,0.9995312127016728,2.0,-0.06938059513799487,0.9301506175636779
837,0.924999999999983,0.9986026478033696,2.0,0.0034310091829426697,1.0020336569863122
838,0.9499999999999824,0.9972302969905312,2.0,0.11283675489970771,1.110067051890239
839,0.974999999999982,0.9954027291616976,2.0,-0.05896198676123962,0.9364407424004579
840,0.9999999999999822,0.9931068350975386,2.0,0.21489265346068456,1.2079994885582233
841,1.0249999999999826,0.9903308096482636,2.0,-0.16825405597855367,0.8220767536697099
842,1.049999999999982,0.9870563504795572,2.0,-0.24540957454022838,0.7416467759393288
843,1.0749999999999815,0.983245247650766,2.0,0.10608548116187909,1.089330728812645
844,1.099999999999982,0.978822205302488,2.0,0.05741599039213499,1.036238195694623
845,1.1249999999999822,0.9736533984164606,2.0,0.11371389740388313,1.0873672958203437
846,1.1499999999999817,0.9675188109449472,2.0,0.12720700146928823,1.0947258124142354
847,1.1749999999999812,0.9600767723314482,2.0,-0.08125342322725347,0.8788233491041947
848,1.1999999999999815,0.9508249604231636,2.0,0.18744389088010477,1.1382688513032684
849,1.224999999999982,0.939084262100488,2.0,-0.22640913898585147,0.7126751231146365
850,1.2499999999999811,0.9240924679738276,2.0,-0.0029769895368343974,0.9211154784369932
851,1.2749999999999808,0.90539847020912,2.0,-0.07843612666963586,0.8269623435394842
852,1.2999999999999812,0.8837129877179201,2.0,-0.05529904974913766,0.8284139379687824
853,1.3249999999999815,0.8616809326268048,2.0,-0.07397428393342824,0.7877066486933766
854,1.349999999999981,0.8431513346349314,2.0,-0.04577429867921104,0.7973770359557204
855,1.3749999999999805,0.8310643447233009,2.0,0.061303476915075705,0.8923678216383766
856,1.3999999999999808,0.8261991640781529,2.0,-0.03351823114687955,0.7926809329312733
857,1.4249999999999812,0.8273636945045956,2.0,0.15649802124898815,0.9838617157535837
858,1.4499999999999806,0.8323212826826286,2.0,0.012587338998518726,0.8449086216811473
859,1.47499999999998,0.838814249063715,2.0,0.019805337629876556,0.8586195866935916
860,1.4999999999999805,0.8451255447713745,2.0,0.00878891988335007,0.8539144646547245
861,1.5249999999999808,0.8501789108253424,2.0,0.01502555322221191,0.8652044640475542
862,1.5499999999999805,0.8534315212325009,2.0,-0.12523211185365601,0.7281994093788449
863,1.5749999999999795,0.8547136618627375,2.0,-0.15427713486846464,0.7004365269942728
864,1.59999999999998,0.8540801264795979,2.0,0.07620002126895983,0.9302801477485577
865,1.6249999999999805,0.8516986534506908,2.0,0.1487541578583939,1.0004528113090847
866,1.64999999999998,0.8477745047831892,2.0,0.08492942845752124,0.9327039332407104
867,1.6749999999999794,0.842494634783695,2.0,-0.08333084302698286,0.7591637917567121
868,1.6999999999999795,0.8359714904830784,2.0,0.3229664463799047,1.158937936862983
869,1.72499999999998,0.8281725240883285,2.0,-0.02058078313056174,0.8075917409577668
870,1.7499999999999796,0.8188418848694923,2.0,0.009813790167123682,0.828655675036616
871,1.774999999999979,0.8074915511981102,2.0,-0.18634708023703253,0.6211444709610777
872,1.7999999999999794,0.7937795286465424,2.0,-0.02103926350950785,0.7727402651370346
873,1.82499999999998,0.779190280414316,2.0,0.045495220960982026,0.8246855013752981
874,1.8499999999999792,0.7708883278589448,2.0,-0.07025034047043187,0.7006379873885129
875,1.874999999999979,0.780840953861127,2.0,-0.16643849996100743,0.6144024539001195
876,1.899999999999979,0.804701671504713,2.0,0.004083919959648428,0.8087855914643614
877,1.9249999999999796,0.8227724823623017,2.0,0.09365999006266043,0.9164324724249622
878,1.9499999999999789,0.8350952595298843,2.0,-0.19860890662546535,0.6364863529044189
879,1.9749999999999783,0.8458721996502129,2.0,0.14447651751885074,0.9903487171690636
880,1.999999999999979,0.8529977464308156,2.0,-0.058032889086206144,0.7949648573446094
881,2.024999999999979,0.8554824494773409,2.0,0.14029887640506022,0.9957813258824011
882,2.0499999999999785,0.8539263577038454,2.0,0.01922787071855148,0.8731542284223969
883,2.074999999999978,0.848896639534098,2.0,0.06473307384188973,0.9136297133759878
884,2.0999999999999783,0.8404289456255017,2.0,-0.15642459743583706,0.6840043481896647
885,2.1249999999999787,0.8281180187930705,2.0,0.2649351175675039,1.0930531363605742
886,2.149999999999978,0.8114022153682996,2.0,0.004581019624388615,0.8159832349926882
887,2.1749999999999776,0.7900043089800016,2.0,-0.05386201871695589,0.7361422902630458
888,2.199999999999978,0.7645035237499358,2.0,-0.10361310325742022,0.6608904204925156
889,2.2249999999999783,0.7367901780958553,2.0,-0.23968321893009276,0.4971069591657626
890,2.249999999999978,0.7099700305509768,2.0,0.0284895996261644,0.7384596301771412
891,2.2749999999999773,0.6875501312480916,2.0,0.2293023899813739,0.9168525212294655
892,2.2999999999999776,0.6723566970208755,2.0,0.0012728837785251407,0.6736295807994007
893,2.324999999999978,0.6658468438071441,2.0,0.05095140321275199,0.7167982470198961
894,2.349999999999977,0.6680282094969296,2.0,-0.10213144557817143,0.5658967639187582
895,2.374999999999977,0.6777491477879174,2.0,0.017575503926564023,0.6953246517144814
896,2.3999999999999773,0.6930985748965689,2.0,-0.01954647307108502,0.6735521018254839
897,2.4249999999999776,0.7118275313228587,2.0,0.013185223512884694,0.7250127548357433
898,2.449999999999977,0.7317693066589531,2.0,-0.14368795977199572,0.5880813468869575
899,2.474999999999977,0.7511808888020783,2.0,-0.018533927706149936,0.7326469610959284
900,2.499999999999977,0.7689099396688339,2.0,0.005153139070140551,0.7740630787389745
901,2.5249999999999773,0.7843705515809806,2.0,-0.06035834323591486,0.7240122083450657
902,2.5499999999999767,0.7974018460722904,2.0,-0.04038876827447553,0.7570130777978148
903,2.574999999999976,0.8081038072478588,2.0,-0.10241774229145233,0.7056860649564065
904,2.599999999999977,0.8167071756770418,2.0,-0.0051017397155907265,0.8116054359614511
905,2.624999999999977,0.8234906255564977,2.0,-0.013609272630261888,0.8098813529262358
906,2.6499999999999764,0.8287355613990465,2.0,-0.09292855644356902,0.7358070049554775
907,2.674999999999976,0.8327044894167881,2.0,0.15740829587649877,0.9901127852932868
908,2.699999999999976,0.8356324022635504,2.0,0.009149325111913593,0.844781727375464
909,2.724999999999977,0.837724918465489,2.0,0.10544949217498098,0.94317441064047
910,2.749999999999976,0.8391597943581347,2.0,-0.0367734516777727,0.802386342680362
911,2.7749999999999755,0.8400899798340444,2.0,0.020897847121739616,0.860987826955784
912,2.799999999999976,0.8406471927538406,2.0,0.17979731779445077,1.0204445105482913
913,2.824999999999976,0.8409454300425113,2.0,-0.21872038707867592,0.6222250429638354
914,2.849999999999976,0.8410840945329319,2.0,0.01216949866831786,0.8532535932012497
915,2.874999999999975,0.8411505692358677,2.0,0.00015126798162824024,0.841301837217496
916,2.8999999999999755,0.8412221557270931,2.0,0.15909179002028453,1.0003139457473778
917,2.924999999999976,0.8413673439635587,2.0,-0.06206854497639025,0.7792987989871685
918,2.9499999999999758,0.8416464243074565,2.0,-0.14212924829045048,0.699517176017006
919,2.9749999999999748,0.8421115051474894,2.0,-0.13851915964888284,0.7035923454986066
920,2.999999999999975,0.842806063295562,2.0,-0.08490161485909763,0.7579044484364643
921,3.0249999999999755,0.8437642181210923,2.0,-0.03634635318382024,0.807417864937272
922,3.049999999999975,0.8450099650334681,2.0,0.19231658907497612,1.0373265541084442
923,3.0749999999999744,0.8465566103191247,2.0,0.0723648101083026,0.9189214204274273
924,3.0999999999999748,0.8484066068035193,2.0,0.2727296442447161,1.1211362510482354
925,3.124999999999975,0.8505519023147026,2.0,0.07933174557179569,0.9298836478864982
926,3.1499999999999746,0.8529748004655032,2.0,0.1424726936567993,0.9954474941223025
927,3.174999999999974,0.8556492268203583,2.0,-0.03072012664342013,0.8249291001769381
928,3.1999999999999744,0.8585422245329934,2.0,0.170102426667633,1.0286446512006264
929,3.2249999999999748,0.8616154918590603,2.0,-0.026502910275433715,0.8351125815836266
930,3.2499999999999742,0.8648268193619317,2.0,-0.1453167949763056,0.7195100243856262
931,3.2749999999999737,0.8681313663979835,2.0,-0.03541433705687177,0.8327170293411117
932,3.299999999999974,0.8714828012628957,2.0,0.11231846266362543,0.9838012639265211
933,3.3249999999999744,0.8748343844065153,2.0,-0.2598806529379054,0.6149537314686099
934,3.349999999999974,0.878140079918741,2.0,-0.11104073457372401,0.767099345345017
935,3.3749999999999734,0.8813557382318111,2.0,-0.03810265127445717,0.843253086957354
936,3.3999999999999737,0.88444032331146,2.0,0.05448330667538378,0.9389236299868439
937,3.424999999999974,0.8873570912632788,2.0,0.042456173011253207,0.929813264274532
938,3.449999999999973,0.8900745915744274,2.0,-0.1247843160336221,0.7652902755408053
939,3.474999999999973,0.8925673696974221,2.0,0.1413834277630208,1.033950797460443
940,3.4999999999999734,0.894816294549801,2.0,-0.2195383605759312,0.6752779339738698
941,3.5249999999999737,0.8968084978238197,2.0,-0.08595081621859367,0.810857681605226
942,3.549999999999973,0.8985369718955699,2.0,-0.07779665698260825,0.8207403149129616
943,3.5749999999999726,0.8999999138375061,2.0,0.10017588363669895,1.0001757974742052
944,3.599999999999973,0.9011999189237068,2.0,-0.25298022904843864,0.6482196898752681
945,3.624999999999973,0.902143121234136,2.0,0.29443689612518453,1.1965800173593206
946,3.649999999999973,0.9028383593706306,2.0,-0.15371498511598214,0.7491233742546485
947,3.674999999999972,0.903296420315462,2.0,0.42499163030231013,1.328288050617772
948,3.6999999999999726,0.9035293905120346,2.0,-0.0019979679414284857,0.9015314225706061
949,3.724999999999973,0.9035501239402344,2.0,-0.0028885576664351605,0.9006615662737992
950,3.749999999999973,0.9033718234829556,2.0,0.061686255667844136,0.9650580791507998
951,3.774999999999972,0.9030077238431908,2.0,0.043848358740934304,0.9468560825841251
952,3.799999999999972,0.9024708605252328,2.0,-0.017293524935189535,0.8851773355900433
953,3.8249999999999726,0.9017739086220836,2.0,-0.13214630510279246,0.7696276035192912
954,3.849999999999972,0.9009290761900938,2.0,-0.05889016625734029,0.8420389099327534
955,3.874999999999972,0.8999480389554185,2.0,-0.09770574591232617,0.8022422930430924
956,3.899999999999972,0.898841905383368,2.0,0.018391332105697475,0.9172332374890654
957,3.924999999999972,0.897621203385175,2.0,0.19522206925199337,1.0928432726371684
958,3.949999999999972,0.8962958819435582,2.0,-0.08055445715761779,0.8157414247859405
959,3.9749999999999712,0.8948753226292328,2.0,0.11039320235830369,1.0052685249875364
960,-4.0,0.0951478956783061,3.0,-0.04025509467321429,0.054892801005091814
961,-3.975,0.0955695182372723,3.0,-0.09284997674252118,0.002719541494751121
962,-3.95,0.0959632363292657,3.0,-0.12226332114878619,-0.02630008481952048
963,-3.925,0.0963282656745554,3.0,-0.06581149708357847,0.03051676859097692
964,-3.9,0.0966639210778882,3.0,0.10210600277670114,0.19876992385458933
965,-3.875,0.0969696086990835,3.0,0.05306836232066079,0.15003797101974428
966,-3.850000000000001,0.0972448151845125,3.0,0.11341217057043147,0.21065698575494396
967,-3.8250000000000006,0.0974890935981051,3.0,-0.07527431754166793,0.02221477605643718
968,-3.8000000000000007,0.097702046149969,3.0,0.08370046808313028,0.18140251423309928
969,-3.775000000000001,0.0978833037844708,3.0,-0.07471779494057483,0.02316550884389597
970,-3.750000000000001,0.0980325027573433,3.0,-0.16667707850435848,-0.06864457574701517
971,-3.725000000000001,0.0981492584030431,3.0,-0.019839084014162765,0.07831017438888034
972,-3.700000000000001,0.0982331363694932,3.0,0.09132191315535587,0.18955504952484908
973,-3.675000000000001,0.098283621678277,3.0,-0.1510292319851672,-0.052745610306890206
974,-3.650000000000001,0.0983000860555028,3.0,-0.005947081281483983,0.09235300477401882
975,-3.625000000000001,0.0982817540735584,3.0,0.005288774309883026,0.10357052838344143
976,-3.6000000000000014,0.0982276687487645,3.0,0.0702989842436363,0.1685266529924008
977,-3.575000000000001,0.0981366573565954,3.0,-0.08663388572750226,0.011502771629093134
978,-3.5500000000000016,0.098007298356576,3.0,-0.05520869390492506,0.042798604451650936
979,-3.5250000000000017,0.0978378904645377,3.0,-0.04285040398927304,0.054987486475264656
980,-3.5000000000000018,0.0976264250707398,3.0,-0.04660354933119223,0.05102287573954758
981,-3.475000000000002,0.0973705633767202,3.0,0.03483286035731303,0.13220342373403324
982,-3.450000000000002,0.0970676198070042,3.0,0.1678110479301131,0.26487866773711727
983,-3.425000000000002,0.0967145534355405,3.0,-0.20457930090329077,-0.10786474746775027
984,-3.400000000000002,0.0963079693375412,3.0,0.11052236514013687,0.20683033447767807
985,-3.375000000000002,0.0958441319158805,3.0,-0.12065692376464103,-0.024812791848760535
986,-3.3500000000000023,0.0953189923312226,3.0,-0.0033933250737761805,0.09192566725744641
987,-3.3250000000000024,0.0947282321535187,3.0,0.20311576163545522,0.2978439937889739
988,-3.3000000000000025,0.0940673252100336,3.0,-0.07936337905351497,0.014703946156518627
989,-3.2750000000000026,0.0933316192880236,3.0,-0.08950270417355097,0.003828915114472628
990,-3.2500000000000027,0.0925164388143699,3.0,-0.10366168435759299,-0.01114524554322309
991,-3.2250000000000028,0.0916172088409864,3.0,0.026028896935604406,0.1176461057765908
992,-3.200000000000003,0.0906295995879869,3.0,0.15351117560314748,0.24414077519113436
993,-3.175000000000003,0.0895496894337833,3.0,0.03073835720257992,0.12028804663636322
994,-3.150000000000003,0.0883741426236685,3.0,0.021058875690392408,0.10943301831406091
995,-3.125000000000003,0.0871003961709973,3.0,-0.006512254282258267,0.08058814188873903
996,-3.100000000000003,0.0857268485735396,3.0,-0.09747455829386499,-0.011747709720325392
997,-3.0750000000000037,0.0842530412392348,3.0,0.014586982302731996,0.09884002354196679
998,-3.050000000000004,0.0826798221310744,3.0,-0.16631775696885095,-0.08363793483777655
999,-3.0250000000000035,0.081009480344549,3.0,0.08583993523631955,0.16684941558086855
1000,-3.000000000000004,0.0792458403597606,3.0,0.13073999069710196,0.20998583105686255
1001,-2.975000000000004,0.0773943057519576,3.0,-0.13634162146165954,-0.058947315709701936
1002,-2.950000000000004,0.0754618442934725,3.0,-0.009291769007972019,0.06617007528550048
1003,-2.925000000000004,0.073456909597917,3.0,-0.033766753725777164,0.03969015587213983
1004,-2.900000000000004,0.0713892985474617,3.0,0.05181573764110289,0.1232050361885646
1005,-2.875000000000004,0.0692699483528996,3.0,0.060459880677235116,0.12972982903013472
1006,-2.850000000000004,0.0671106817469433,3.0,0.06617877390741075,0.13328945565435407
1007,-2.825000000000004,0.0649239129658179,3.0,0.25382636743374315,0.31875028039956105
1008,-2.8000000000000043,0.0627223303180736,3.0,-0.08038885304969717,-0.01766652273162357
1009,-2.7750000000000044,0.0605185728701875,3.0,-0.0664042852284839,-0.005885712358296408
1010,-2.7500000000000044,0.058324918879397,3.0,-0.1720036534244701,-0.1136787345450731
1011,-2.7250000000000045,0.0561530020849515,3.0,-0.07778299781192047,-0.02162999572696897
1012,-2.7000000000000046,0.054013569062543,3.0,0.021293982878740545,0.07530755194128355
1013,-2.6750000000000047,0.0519162869633621,3.0,-0.20310180342254583,-0.15118551645918374
1014,-2.650000000000005,0.0498696066095197,3.0,-0.06661113429532857,-0.016741527685808867
1015,-2.625000000000005,0.047880681622337,3.0,0.034188872016030374,0.08206955363836738
1016,-2.600000000000005,0.0459553404685687,3.0,-0.02020962591566539,0.025745714552903313
1017,-2.575000000000005,0.0440981053416767,3.0,0.09562867508751084,0.13972678042918754
1018,-2.550000000000005,0.0423122498147973,3.0,-0.07419669574349412,-0.03188444592869682
1019,-2.525000000000005,0.0405998862228094,3.0,0.1922630489512102,0.23286293517401963
1020,-2.5000000000000053,0.0389620736456913,3.0,-0.18697000722792467,-0.14800793358223338
1021,-2.4750000000000054,0.0373989379881844,3.0,-0.14782455270824768,-0.11042561472006328
1022,-2.450000000000005,0.0359097967610074,3.0,0.05913312181918593,0.09504291858019333
1023,-2.4250000000000056,0.0344932825488087,3.0,-0.08792562773671526,-0.053432345187906564
1024,-2.4000000000000057,0.0331474606114698,3.0,0.22801066652243535,0.2611581271339051
1025,-2.3750000000000058,0.0318699374639482,3.0,0.1920678282675382,0.2239377657314864
1026,-2.350000000000006,0.030657958518827,3.0,-0.02419145508435421,0.0064665034344727895
1027,-2.325000000000006,0.0295084939022097,3.0,0.10046927361727906,0.12997776751948875
1028,-2.300000000000006,0.0284183123501015,3.0,0.019308930904413466,0.04772724325451497
1029,-2.275000000000006,0.0273840436670711,3.0,-0.12938537403534955,-0.10200133036827845
1030,-2.250000000000006,0.0264022306059375,3.0,-0.02421653970638099,0.0021856908995565097
1031,-2.2250000000000063,0.0254693712385652,3.0,-0.008578170504757012,0.01689120073380819
1032,-2.2000000000000064,0.0245819529677626,3.0,-0.02213832178718562,0.0024436311805769786
1033,-2.1750000000000065,0.0237364793109232,3.0,0.11555522699762767,0.13929170630855087
1034,-2.1500000000000066,0.0229294904956171,3.0,-0.0722001470028526,-0.0492706565072355
1035,-2.1250000000000067,0.0221575787690914,3.0,-0.04573749242356893,-0.02357991365447753
1036,-2.1000000000000068,0.0214173991562536,3.0,-0.02016418792631456,0.0012532112299390406
1037,-2.075000000000007,0.0207056762191822,3.0,0.038732018790903065,0.059437695010085265
1038,-2.050000000000007,0.02001920718806,3.0,0.1809257068996181,0.2009449140876781
1039,-2.025000000000007,0.0193548616601902,3.0,0.07916513147992242,0.09851999314011262
1040,-2.000000000000007,0.0187095779123548,3.0,0.07143558412012606,0.09014516203248085
1041,-1.9750000000000072,0.0180803557557598,3.0,0.3194737092894617,0.3375540650452215
1042,-1.9500000000000075,0.0174642457982833,3.0,0.0990965063649912,0.11656075216327451
1043,-1.9250000000000076,0.01685833498512,3.0,-0.19369243338568573,-0.17683409840056574
1044,-1.9000000000000077,0.0162597283896934,3.0,0.12596898406467807,0.14222871245437146
1045,-1.8750000000000075,0.0156655274510355,3.0,-0.03885919653968046,-0.02319366908864496
1046,-1.850000000000008,0.0150728052408657,3.0,-0.23081755541286986,-0.21574475017200415
1047,-1.825000000000008,0.0144785799525286,3.0,-0.24813203686701613,-0.23365345691448752
1048,-1.8000000000000078,0.0138797887360021,3.0,0.09577283014058198,0.10965261887658408
1049,-1.775000000000008,0.0132732654436568,3.0,-0.04759145200578093,-0.03431818656212413
1050,-1.750000000000008,0.0126557281436235,3.0,-0.025971296615585938,-0.013315568471962438
1051,-1.725000000000008,0.0120237860161319,3.0,0.018456270282215383,0.030480056298347283
1052,-1.7000000000000082,0.0113739814996568,3.0,-0.16115525416017762,-0.14978127266052083
1053,-1.6750000000000085,0.010702893819931,3.0,0.003287280974455305,0.013990174794386304
1054,-1.6500000000000083,0.0100073460878166,3.0,-0.15760095913484995,-0.14759361304703336
1055,-1.6250000000000084,0.0092847807671587,3.0,0.0989521961480182,0.1082369769151769
1056,-1.6000000000000083,0.0085338936989653,3.0,-0.053176096235892735,-0.04464220253692744
1057,-1.5750000000000086,0.0077556290314617,3.0,0.11941817138425198,0.1271738004157137
1058,-1.5500000000000087,0.0069545967641111,3.0,0.2085434782020519,0.215498074966163
1059,-1.5250000000000088,0.0061408131141844,3.0,0.12459624057172768,0.13073705368591207
1060,-1.5000000000000089,0.0053313199198254,3.0,-0.27601336024777723,-0.27068204032795184
1061,-1.475000000000009,0.0045507817824275,3.0,-0.36973376083136894,-0.3651829790489414
1062,-1.450000000000009,0.0038299717927079,3.0,-0.23195833307214792,-0.22812836127944003
1063,-1.4250000000000091,0.0032017828105119,3.0,-0.0315445756156786,-0.028342792805166696
1064,-1.4000000000000092,0.0026962286254728,3.0,0.042069540582214286,0.04476576920768709
1065,-1.375000000000009,0.0023375964933304,3.0,0.04015675730737919,0.042494353800709594
1066,-1.3500000000000094,0.0021462531017007,3.0,-0.08799135535368077,-0.08584510225198007
1067,-1.3250000000000095,0.0021430469054982,3.0,0.08617018702137601,0.08831323392687421
1068,-1.3000000000000096,0.0023448196454119,3.0,0.2875179940656777,0.2898628137110896
1069,-1.2750000000000097,0.0027299214311813,3.0,0.16811844670439846,0.17084836813557977
1070,-1.2500000000000098,0.0031895910287703,3.0,-0.014161697760638352,-0.010972106731868051
1071,-1.22500000000001,0.0035966169752151,3.0,-0.15231668176029536,-0.14872006478508026
1072,-1.20000000000001,0.0039764581679507,3.0,0.01832812421114337,0.022304582379094072
1073,-1.17500000000001,0.0044687729930801,3.0,0.18671561180974472,0.19118438480282482
1074,-1.15000000000001,0.0051831466315252,3.0,-0.18060871065160997,-0.17542556402008477
1075,-1.1250000000000102,0.0061703966881716,3.0,0.032642696910004806,0.038813093598176404
1076,-1.1000000000000103,0.0074337480865642,3.0,-0.08105539068737065,-0.07362164260080645
1077,-1.0750000000000104,0.0089268330358286,3.0,0.048332300923525695,0.057259133959354294
1078,-1.0500000000000105,0.0105569899698456,3.0,-0.10852183750194094,-0.09796484753209535
1079,-1.0250000000000106,0.0122090750619161,3.0,0.009763064483533769,0.021972139545449867
1080,-1.0000000000000109,0.0137784005247718,3.0,0.2236848458623446,0.2374632463871164
1081,-0.9750000000000107,0.0151913669942959,3.0,-0.11894502294155829,-0.10375365594726238
1082,-0.9500000000000108,0.0164067616699487,3.0,-0.14175207863836073,-0.12534531696841203
1083,-0.9250000000000108,0.0174057450032454,3.0,-0.06373353960858624,-0.04632779460534084
1084,-0.900000000000011,0.0181803945487248,3.0,0.24188926754692514,0.2600696620956499
1085,-0.8750000000000111,0.0187256137392239,3.0,0.08542679147369979,0.10415240521292368
1086,-0.8500000000000112,0.0190349315065456,3.0,0.04663691736133402,0.06567184886787962
1087,-0.8250000000000113,0.0190989942924631,3.0,-0.19057093465617414,-0.17147194036371105
1088,-0.8000000000000114,0.0189054376321503,3.0,-0.045940073279155204,-0.027034635647004902
1089,-0.7750000000000115,0.018439376020265,3.0,-0.06994337222077139,-0.05150399620050639
1090,-0.7500000000000115,0.0176845555949779,3.0,0.2870942694669781,0.30477882506195597
1091,-0.7250000000000116,0.0166261346678232,3.0,-0.04922390099944347,-0.03259776633162027
1092,-0.7000000000000117,0.0152568885210342,3.0,-0.0013818641253547934,0.013875024395679406
1093,-0.6750000000000118,0.0135887193516786,3.0,0.07678529283280841,0.09037401218448701
1094,-0.6500000000000119,0.011669125420553,3.0,-0.10009367326938638,-0.08842454784883338
1095,-0.625000000000012,0.0095957237186819,3.0,0.1739074767884113,0.1835032005070932
1096,-0.6000000000000121,0.0075126365402746,3.0,0.10365272108715198,0.11116535762742659
1097,-0.5750000000000122,0.0055730240855101,3.0,-0.0421094986409262,-0.0365364745554161
1098,-0.5500000000000123,0.0038793286555552,3.0,0.18531916352447006,0.18919849218002527
1099,-0.5250000000000123,0.0024549023259393,3.0,-0.10313076445472555,-0.10067586212878625
1100,-0.5000000000000124,0.0012959337381839,3.0,-0.006777230373429984,-0.005481296635246084
1101,-0.4750000000000125,0.0004460510670747,3.0,0.03358719856327967,0.034033249630354374
1102,-0.4500000000000126,0.0,3.0,0.0019789665268270125,0.0019789665268270125
1103,-0.4250000000000127,7.980859747988186e-05,3.0,0.11405922177892705,0.11413903037640694
1104,-0.4000000000000128,0.0007360492950376,3.0,-0.029803594878823017,-0.029067545583785416
1105,-0.3750000000000129,0.0016975635601557,3.0,-0.014795476837147707,-0.013097913276992007
1106,-0.3500000000000129,0.0027304755095073,3.0,-0.1006910064245956,-0.0979605309150883
1107,-0.325000000000013,0.0041796579177155,3.0,0.01961368126692538,0.02379333918464088
1108,-0.3000000000000131,0.0063769918490866,3.0,-0.16584338065308343,-0.15946638880399683
1109,-0.2750000000000132,0.0091346443916972,3.0,0.05697786800267103,0.06611251239436823
1110,-0.2500000000000133,0.0127231404753748,3.0,0.11080797271013793,0.12353111318551273
1111,-0.2250000000000134,0.0186696043667627,3.0,0.135343259318353,0.15401286368511571
1112,-0.2000000000000135,0.0294181844192622,3.0,-0.18147563143473497,-0.15205744701547277
1113,-0.1750000000000136,0.047550208314186,3.0,0.11334734521199351,0.16089755352617952
1114,-0.1500000000000136,0.0740701700436136,3.0,-0.05023296217949682,0.023837207864116784
1115,-0.1250000000000137,0.1066925065084465,3.0,-0.048726528215078654,0.057965978293367845
1116,-0.1000000000000138,0.1405520652766985,3.0,-0.14025006984343963,0.00030199543325887257
1117,-0.0750000000000139,0.1712466413459884,3.0,-0.08564985121324795,0.08559679013274046
1118,-0.050000000000014,0.1972089309893031,3.0,0.16721114586986188,0.364420076859165
1119,-0.0250000000000141,0.219826632413548,3.0,0.14336134851820684,0.36318798093175486
1120,-1.4210854715202004e-14,0.2423226726085134,3.0,0.04322605055303917,0.28554872316155255
1121,0.0249999999999861,0.2686950873605917,3.0,-0.23348872735796314,0.035206360002628584
1122,0.0499999999999856,0.3030704480048739,3.0,0.03767962058522982,0.34075006859010376
1123,0.074999999999985,0.3491098338047699,3.0,-0.13964604361991675,0.20946379018485314
1124,0.0999999999999854,0.4089137151219799,3.0,0.06559012219427658,0.47450383731625645
1125,0.1249999999999857,0.4814860700019973,3.0,-0.05664039933438393,0.42484567066761336
1126,0.1499999999999852,0.5623084178165039,3.0,-0.15868721758762,0.40362120022888387
1127,0.1749999999999847,0.6456030919750485,3.0,0.006539437558282817,0.6521425295333313
1128,0.199999999999985,0.7272240684819039,3.0,0.06821822853218175,0.7954422970140856
1129,0.2249999999999854,0.8045246784808338,3.0,0.14353571835324666,0.9480603968340804
1130,0.2499999999999849,0.8739379562800439,3.0,0.11386899504094185,0.9878069513209857
1131,0.2749999999999843,0.928950321186881,3.0,-0.09347124195922875,0.8354790792276523
1132,0.2999999999999847,0.963103399681012,3.0,0.053222517425090834,1.0163259171061028
1133,0.3249999999999851,0.9789716196908826,3.0,0.17023754152197715,1.1492091612128599
1134,0.3499999999999845,0.9852442922252224,3.0,-0.05941797098629832,0.925826321238924
1135,0.374999999999984,0.9876688611955006,3.0,0.08330117599990584,1.0709700371954065
1136,0.3999999999999843,0.9885760560179966,3.0,0.12113008130009971,1.1097061373180963
1137,0.4249999999999847,0.9888876221710712,3.0,0.01003785967205819,0.9989254818431293
1138,0.4499999999999842,0.9890673446140416,3.0,0.04270577508186563,1.0317731196959072
1139,0.4749999999999836,0.9893995670948688,3.0,0.044655959356772204,1.034055526451641
1140,0.499999999999984,0.9900239051490256,3.0,0.11218094988271038,1.102204855031736
1141,0.5249999999999844,0.9909080171012884,3.0,-0.10245200923147026,0.8884560078698182
1142,0.5499999999999838,0.9918758041731708,3.0,-0.024544798052387014,0.9673310061207838
1143,0.5749999999999833,0.9927537447284166,3.0,0.06430350953527203,1.0570572542636887
1144,0.5999999999999837,0.9935040621717284,3.0,-0.07746348705021006,0.9160405751215184
1145,0.624999999999984,0.9941757460611712,3.0,-0.14460029947427783,0.8495754465868934
1146,0.6499999999999835,0.9947938679923088,3.0,-0.14486108130736663,0.8499327866849422
1147,0.674999999999983,0.9953478406862828,3.0,-0.01385670437449934,0.9814911363117834
1148,0.6999999999999833,0.9958256319643822,3.0,0.08452480106441398,1.0803504330287963
1149,0.7249999999999837,0.9962264434784308,3.0,-0.16338322435325675,0.832843219125174
1150,0.7499999999999831,0.9965571060875236,3.0,-0.1195441953045538,0.8770129107829697
1151,0.7749999999999826,0.9968272006781366,3.0,-0.15886973084027894,0.8379574698378576
1152,0.799999999999983,0.997046508285018,3.0,0.05743492807112936,1.0544814363561472
1153,0.8249999999999833,0.9972240170171358,3.0,-0.13712860548943753,0.8600954115276983
1154,0.8499999999999828,0.997367600820032,3.0,-0.06807416267225345,0.9292934381477785
1155,0.8749999999999822,0.9974839584114698,3.0,0.18719331335471412,1.184677271766184
1156,0.8999999999999826,0.99757866071919,3.0,-0.06650842662595505,0.931070234093235
1157,0.924999999999983,0.9976562502220666,3.0,-0.10712878434766221,0.8905274658744045
1158,0.9499999999999824,0.9977203651394232,3.0,0.1255029743179997,1.123223339457423
1159,0.974999999999982,0.997773871365101,3.0,0.28447475746340223,1.282248628828503
1160,0.9999999999999822,0.9978189903170002,3.0,-0.022901613873849588,0.9749173764431506
1161,1.0249999999999826,0.9978574150531584,3.0,-0.2259568536105077,0.7719005614426506
1162,1.049999999999982,0.9978904105218656,3.0,-0.02386100581439183,0.9740294047074737
1163,1.0749999999999815,0.9979188965362564,3.0,-0.20523763052467936,0.7926812660115771
1164,1.099999999999982,0.997943513937077,3.0,-0.08462568648374069,0.9133178274533363
1165,1.1249999999999822,0.9979646755127236,3.0,0.02118684196806397,1.0191515174807875
1166,1.1499999999999817,0.9979826037445316,3.0,0.27415721064686055,1.2721398143913922
1167,1.1749999999999812,0.9979973575177256,3.0,-0.14538979435456661,0.8526075631631589
1168,1.1999999999999815,0.998008849745517,3.0,-0.021342742390791043,0.9766661073547259
1169,1.224999999999982,0.9980168575212676,3.0,0.09589654129601617,1.0939133988172838
1170,1.2499999999999811,0.9980210260296646,3.0,0.08973656725825715,1.0877575932879218
1171,1.2749999999999808,0.9980208670690676,3.0,0.2578107551063195,1.2558316221753871
1172,1.2999999999999812,0.9980157526981288,3.0,0.0475465198694196,1.0455622725675484
1173,1.3249999999999815,0.9980049042438685,3.0,0.1331902776244288,1.1311951818682973
1174,1.349999999999981,0.9979873767205614,3.0,-0.19758531033602053,0.8004020663845408
1175,1.3749999999999805,0.9979620386508536,3.0,-0.036624638988750326,0.9613373996621033
1176,1.3999999999999808,0.997927547433562,3.0,-0.08064578218851713,0.9172817652450449
1177,1.4249999999999812,0.9978823209216638,3.0,-0.005466216740965286,0.9924161041806986
1178,1.4499999999999806,0.9978245070457552,3.0,-0.138617706389421,0.8592068006563343
1179,1.47499999999998,0.9977519556549984,3.0,0.0677563151784488,1.0655082708334471
1180,1.4999999999999805,0.9976622011339374,3.0,0.0803894532094305,1.078051654343368
1181,1.5249999999999808,0.9975524722542398,3.0,0.33847475740579225,1.336027229660032
1182,1.5499999999999805,0.9974197594072012,3.0,-0.09857178715706591,0.8988479722501352
1183,1.5749999999999795,0.9972609919621288,3.0,-0.06462254615945714,0.9326384458026716
1184,1.59999999999998,0.9970734132265038,3.0,0.08556713142941008,1.0826405446559138
1185,1.6249999999999805,0.9968552874793978,3.0,-0.06518637763797391,0.9316689098414239
1186,1.64999999999998,0.9966071208978244,3.0,-0.015921620101435798,0.9806855007963886
1187,1.6749999999999794,0.9963335821407524,3.0,-0.002315764864500599,0.9940178172762518
1188,1.6999999999999795,0.9960461612628418,3.0,-0.20332023575434582,0.792725925508496
1189,1.72499999999998,0.9957661152549556,3.0,-0.1892759944279365,0.8064901208270191
1190,1.7499999999999796,0.9955262222742762,3.0,0.050605714636645316,1.0461319369109217
1191,1.774999999999979,0.995368481492319,3.0,0.06896805237299744,1.0643365338653166
1192,1.7999999999999794,0.9953343836178352,3.0,0.14606699231766726,1.1414013759355024
1193,1.82499999999998,0.9954471730570116,3.0,-0.0786426642610011,0.9168045087960105
1194,1.8499999999999792,0.9956928226544016,3.0,0.1379426819677293,1.133635504622131
1195,1.874999999999979,0.9960131943569938,3.0,0.09959105753155524,1.095604251888549
1196,1.899999999999979,0.9963204611660922,3.0,-0.13550745027365205,0.8608130108924401
1197,1.9249999999999796,0.9965251753617502,3.0,-0.07270807165456296,0.9238171037071873
1198,1.9499999999999789,0.9965595215869298,3.0,0.05140569655424735,1.0479652181411772
1199,1.9749999999999783,0.9963859032052892,3.0,0.04576178740004155,1.0421476906053306
1200,1.999999999999979,0.9959958187102396,3.0,0.20997003799365382,1.2059658567038933
1201,2.024999999999979,0.9954072829845432,3.0,-0.11139482843480897,0.8840124545497342
1202,2.0499999999999785,0.9946625486657388,3.0,0.1602081601968736,1.1548707088626124
1203,2.074999999999978,0.9938227814923304,3.0,0.14287173489357263,1.136694516385903
1204,2.0999999999999783,0.9929577816221572,3.0,-0.23477962484998552,0.7581781567721717
1205,2.1249999999999787,0.9921335251401604,3.0,-0.016423662415075514,0.9757098627250849
1206,2.149999999999978,0.9914024648199404,3.0,-0.058779186790737084,0.9326232780292033
1207,2.1749999999999776,0.9907995547037294,3.0,0.01629438945590837,1.0070939441596378
1208,2.199999999999978,0.9903437315393144,3.0,-0.08755588828211221,0.9027878432572022
1209,2.2249999999999783,0.9900428836026058,3.0,0.05371793938233141,1.0437608229849373
1210,2.249999999999978,0.989900311520898,3.0,-0.05518203536037954,0.9347182761605184
1211,2.2749999999999773,0.9899210529850884,3.0,-0.08174794317248875,0.9081731098125996
1212,2.2999999999999776,0.9901162838488352,3.0,0.011081826660510446,1.0011981105093457
1213,2.324999999999978,0.990503378817155,3.0,0.14192932070404513,1.1324326995212002
1214,2.349999999999977,0.9910990784207344,3.0,0.1654005550258044,1.1564996334465387
1215,2.374999999999977,0.9919052198566628,3.0,0.2618678021324769,1.2537730219891396
1216,2.3999999999999773,0.9928918668807486,3.0,0.04095031703169278,1.0338421839124414
1217,2.4249999999999776,0.993989118084614,3.0,0.11259891624235384,1.1065880343269678
1218,2.449999999999977,0.9950986601594778,3.0,-0.049146241852371306,0.9459524183071065
1219,2.474999999999977,0.9961233844746508,3.0,-0.03815147216741998,0.9579719123072308
1220,2.499999999999977,0.9969972514688492,3.0,-0.029236120818606853,0.9677611306502424
1221,2.5249999999999773,0.997696936860385,3.0,-0.2870585959285445,0.7106383409318404
1222,2.5499999999999767,0.9982332880189664,3.0,0.09614607320172168,1.094379361220688
1223,2.574999999999976,0.998634519044598,3.0,-0.016869884100531654,0.9817646349440663
1224,2.599999999999977,0.9989324303976866,3.0,0.042232835902121894,1.0411652662998085
1225,2.624999999999977,0.999155188733872,3.0,-0.03451321901934874,0.9646419697145232
1226,2.6499999999999764,0.9993250638116292,3.0,0.07413856864805085,1.07346363245968
1227,2.674999999999976,0.9994585902744352,3.0,0.01593983146939464,1.0153984217438299
1228,2.699999999999976,0.9995674960247436,3.0,-0.1792489832159702,0.8203185128087734
1229,2.724999999999977,0.999659666733119,3.0,0.1762221525147934,1.1758818192479124
1230,2.749999999999976,0.9997399426966888,3.0,0.08121079702606432,1.0809507397227531
1231,2.7749999999999755,0.999810755778603,3.0,0.31638357113272825,1.3161943269113312
1232,2.799999999999976,0.999872660367019,3.0,-0.05042170346445469,0.9494509569025643
1233,2.824999999999976,0.9999247905502284,3.0,0.3105119589444859,1.3104367494947144
1234,2.849999999999976,0.9999652425134194,3.0,0.1200777202131315,1.120042962726551
1235,2.874999999999975,0.9999913698276476,3.0,0.00046113688139101373,1.0004525067090386
1236,2.8999999999999755,0.9999999999979386,3.0,-0.14102937316395334,0.8589706268339853
1237,2.924999999999976,0.9999876205263276,3.0,-0.17517242384892043,0.8248151966774072
1238,2.9499999999999758,0.9999506206001888,3.0,0.09277405254213233,1.092724673142321
1239,2.9749999999999748,0.9998856927047696,3.0,-0.05738538415676733,0.9425003085480023
1240,2.999999999999975,0.9997904723310072,3.0,-0.14257693680374958,0.8572135355272575
1241,3.0249999999999755,0.9996643881248988,3.0,-0.09754048485446075,0.902123903270438
1242,3.049999999999975,0.9995095078620896,3.0,-0.046330314026518125,0.9531791938355715
1243,3.0749999999999744,0.9993309872913648,3.0,-0.06426264784980273,0.9350683394415621
1244,3.0999999999999748,0.9991367194539787,3.0,0.33150500409250033,1.3306417235464791
1245,3.124999999999975,0.998936043365076,3.0,0.1612190245825624,1.1601550679476385
1246,3.1499999999999746,0.9987378056811088,3.0,0.09273211129831085,1.0914699169794198
1247,3.174999999999974,0.9985484006219362,3.0,-0.0698154029892455,0.9287329976326907
1248,3.1999999999999744,0.9983704109668328,3.0,0.02991104012707532,1.028281451093908
1249,3.2249999999999748,0.9982021595811732,3.0,-0.1094441993752242,0.888757960205949
1250,3.2499999999999742,0.998038089442514,3.0,-0.043349679609910194,0.9546884098326038
1251,3.2749999999999737,0.997869642422484,3.0,0.1706775114271337,1.1685471538496177
1252,3.299999999999974,0.9976862718960572,3.0,0.07375049676898472,1.071436768665042
1253,3.3249999999999744,0.997476340141061,3.0,-0.02768397137149372,0.9697923687695673
1254,3.349999999999974,0.997227815470988,3.0,-0.02928699460137121,0.9679408208696169
1255,3.3749999999999734,0.9969288135919526,3.0,-0.2510945104679148,0.7458343031240378
1256,3.3999999999999737,0.9965680830051944,3.0,0.1353491763859326,1.131917259391127
1257,3.424999999999974,0.996135516988929,3.0,-0.09479579182295686,0.9013397251659722
1258,3.449999999999973,0.9956227132806034,3.0,-0.20799792728697,0.7876247859936334
1259,3.474999999999973,0.9950235333775664,3.0,0.040351804736136705,1.0353753381137032
1260,3.4999999999999734,0.994334566163378,3.0,-0.14503356774040618,0.8493009984229718
1261,3.5249999999999737,0.9935553920123036,3.0,-0.11316305499921872,0.8803923370130848
1262,3.549999999999973,0.9926885751865796,3.0,0.16334523137596263,1.1560338065625422
1263,3.5749999999999726,0.9917393711720794,3.0,-0.04919109731509752,0.9425482738569819
1264,3.599999999999973,0.990715198850857,3.0,0.0633196601323605,1.0540348589832176
1265,3.624999999999973,0.9896249724886232,3.0,-0.0520688973569172,0.937556075131706
1266,3.649999999999973,0.9884784029344496,3.0,-0.13318108135184342,0.8552973215826061
1267,3.674999999999972,0.98728536260865,3.0,-0.14519864107814365,0.8420867215305063
1268,3.6999999999999726,0.9860553762547234,3.0,-0.07167835614649498,0.9143770201082284
1269,3.724999999999973,0.9847972630099352,3.0,-0.10402427786100625,0.880772985148929
1270,3.749999999999973,0.9835189254658696,3.0,-0.033009056969026174,0.9505098684968434
1271,3.774999999999972,0.9822272625885564,3.0,0.006289572027169748,0.9885168346157261
1272,3.799999999999972,0.98092817536554,3.0,-0.09723627160571015,0.8836919037598299
1273,3.8249999999999726,0.979626634003739,3.0,-0.052161786374400256,0.9274648476293387
1274,3.849999999999972,0.9783267800271988,3.0,-0.03543322264754699,0.9428935573796517
1275,3.874999999999972,0.9770320429320494,3.0,-0.003702905933928385,0.973329136998121
1276,3.899999999999972,0.9757452573362708,3.0,0.08447800116632148,1.0602232585025924
1277,3.924999999999972,0.9744687718867346,3.0,-0.04763758359311859,0.926831188293616
1278,3.949999999999972,0.9732045452474758,3.0,-0.14705042083288836,0.8261541244145875
1279,3.9749999999999712,0.9719542273391948,3.0,0.05200696362606271,1.0239611909652575
1280,-4.0,0.8436229688120351,4.0,0.2799719399762479,1.123594908788283
1281,-3.975,0.840167787106668,4.0,-0.13178260860707508,0.7083851784995929
1282,-3.95,0.8365260986316435,4.0,0.05336145441564412,0.8898875530472876
1283,-3.925,0.8326910292235664,4.0,-0.052948271741907915,0.7797427574816584
1284,-3.9,0.8286557607437416,4.0,-0.024954423978625264,0.8037013367651163
1285,-3.875,0.8244135720449188,4.0,-0.06452968346696938,0.7598838885779494
1286,-3.850000000000001,0.8199578795182871,4.0,0.04893997312145741,0.8688978526397445
1287,-3.8250000000000006,0.8152822756866409,4.0,0.02045792734085242,0.8357402030274933
1288,-3.8000000000000007,0.8103805642244156,4.0,0.20237533964389545,1.0127559038683112
1289,-3.775000000000001,0.805246789879067,4.0,-0.16527966602079727,0.6399671238582697
1290,-3.750000000000001,0.7998752621230893,4.0,0.25613770128891195,1.0560129634120012
1291,-3.725000000000001,0.7942605720712795,4.0,0.10324214515120288,0.8975027172224824
1292,-3.700000000000001,0.7883976033398019,4.0,-0.19565154315202646,0.5927460601877754
1293,-3.675000000000001,0.7822815391675634,4.0,-0.09093318338462408,0.6913483557829393
1294,-3.650000000000001,0.7759078702871827,4.0,-0.06966744554341575,0.7062404247437669
1295,-3.625000000000001,0.769272410667,4.0,-0.15625530474790236,0.6130171059190976
1296,-3.6000000000000014,0.7623713311794804,4.0,0.0016913606864281867,0.7640626918659086
1297,-3.575000000000001,0.7552012241689212,4.0,-0.004295108351041576,0.7509061158178797
1298,-3.5500000000000016,0.747759214298522,4.0,0.12332485010469212,0.8710840644032141
1299,-3.5250000000000017,0.7400431322735244,4.0,-0.08982038064866273,0.6502227516248617
1300,-3.5000000000000018,0.732051767223175,4.0,0.13321317874985827,0.8652649459730333
1301,-3.475000000000002,0.723785209761325,4.0,-0.2436845408340158,0.4801006689273092
1302,-3.450000000000002,0.7152452901903112,4.0,-0.084849807763387,0.6303954824269242
1303,-3.425000000000002,0.7064361044307036,4.0,0.286615594143789,0.9930516985744926
1304,-3.400000000000002,0.697364604129382,4.0,0.13319171254686074,0.8305563166762426
1305,-3.375000000000002,0.6880412080414426,4.0,0.07068958637366347,0.7587307944151062
1306,-3.3500000000000023,0.6784803714265034,4.0,0.12755995530538122,0.8060403267318846
1307,-3.3250000000000024,0.6687010323477719,4.0,-0.17435998894495078,0.49434104340282115
1308,-3.3000000000000025,0.6587268428934359,4.0,0.03304545527960877,0.6917722981730446
1309,-3.2750000000000026,0.6485860941504796,4.0,-0.1983166615322794,0.45026943261820024
1310,-3.2500000000000027,0.638311259938617,4.0,-0.08056803721960322,0.5577432227190138
1311,-3.2250000000000028,0.6279381170798354,4.0,-0.21545567377151184,0.4124824433083235
1312,-3.200000000000003,0.6175044468673944,4.0,0.04776984043659795,0.6652742873039923
1313,-3.175000000000003,0.6070483768303352,4.0,-0.12181345840884668,0.4852349184214885
1314,-3.150000000000003,0.5966064740430596,4.0,-0.08678584682673614,0.5098206272163234
1315,-3.125000000000003,0.5862117402260103,4.0,0.039805619131677246,0.6260173593576875
1316,-3.100000000000003,0.5758916757634495,4.0,0.27467829636584884,0.8505699721292983
1317,-3.0750000000000037,0.5656665702368435,4.0,-0.12817728088482364,0.4374892893520199
1318,-3.050000000000004,0.5555481429582508,4.0,-0.14080763387959863,0.41474050907865223
1319,-3.0250000000000035,0.5455386057424332,4.0,-0.07601762708675676,0.46952097865567644
1320,-3.000000000000004,0.5356301626343436,4.0,-0.07279965806539677,0.4628305045689468
1321,-2.975000000000004,0.525804908656893,4.0,-0.05547519194946682,0.4703297167074262
1322,-2.950000000000004,0.5160350504689818,4.0,-0.15548688831947255,0.36054816214950924
1323,-2.925000000000004,0.5062833505405466,4.0,-0.21459687978963288,0.29168647075091375
1324,-2.900000000000004,0.4965036931210273,4.0,-0.10100884633719331,0.395494846783834
1325,-2.875000000000004,0.4866416816595772,4.0,0.026659791018664475,0.5133014726782417
1326,-2.850000000000004,0.4766351985459633,4.0,0.18279999345982784,0.6594351920057911
1327,-2.825000000000004,0.4664148841900536,4.0,-0.06545977867588126,0.40095510551417235
1328,-2.8000000000000043,0.455904519858146,4.0,0.12182312818168686,0.5777276480398329
1329,-2.7750000000000044,0.4450213254886823,4.0,0.12421044146208936,0.5692317669507716
1330,-2.7500000000000044,0.4336762100584647,4.0,0.06804706059790024,0.5017232706563649
1331,-2.7250000000000045,0.4217740399261189,4.0,0.09169480778352813,0.5134688477096471
1332,-2.7000000000000046,0.4092140234355163,4.0,-0.1504362096913909,0.25877781374412545
1333,-2.6750000000000047,0.39589035263304,4.0,-0.13100985823879177,0.2648804943942482
1334,-2.650000000000005,0.3816933008559577,4.0,0.05528899960478791,0.4369823004607456
1335,-2.625000000000005,0.3665110542367865,4.0,0.0863208163666894,0.45283187060347585
1336,-2.600000000000005,0.3502326613781542,4.0,-0.0821832405006707,0.26804942087748346
1337,-2.575000000000005,0.3327526215325523,4.0,-0.070262757801382,0.26248986373117034
1338,-2.550000000000005,0.3139777935665864,4.0,0.015204258015848463,0.32918205158243485
1339,-2.525000000000005,0.2938374762200367,4.0,-0.11856819529798415,0.17526928092205254
1340,-2.5000000000000053,0.2722976336067573,4.0,-0.11804172455423655,0.15425590905252073
1341,-2.4750000000000054,0.2493802089600744,4.0,0.09852822094003305,0.34790842990010745
1342,-2.450000000000005,0.2251880762186321,4.0,-0.029288447142814283,0.19589962907581782
1343,-2.4250000000000056,0.1999350728468363,4.0,-0.06330502662136835,0.13663004622546793
1344,-2.4000000000000057,0.1739782424530345,4.0,0.023326924503577588,0.1973051669566121
1345,-2.3750000000000058,0.1478454134279289,4.0,0.24236883945978008,0.39021425288770895
1346,-2.350000000000006,0.1222456616205739,4.0,-0.012528373330452473,0.10971728829012142
1347,-2.325000000000006,0.0980449688676231,4.0,0.1136136279969541,0.2116585968645772
1348,-2.300000000000006,0.0761896133839794,4.0,-0.2246911952032138,-0.1485015818192344
1349,-2.275000000000006,0.0575732230495771,4.0,0.07536973863591975,0.13294296168549685
1350,-2.250000000000006,0.0428748765746756,4.0,-0.014109970677198326,0.028764905897477273
1351,-2.2250000000000063,0.0324336453637338,4.0,0.12160410716974047,0.15403775253347426
1352,-2.2000000000000064,0.0262034989146601,4.0,0.03763195179732023,0.06383545071198032
1353,-2.1750000000000065,0.0236159604969767,4.0,-0.07929189994654008,-0.05567593944956338
1354,-2.1500000000000066,0.022984721759304,4.0,-0.0382010957449213,-0.015216373985617301
1355,-2.1250000000000067,0.0215966557334225,4.0,0.1546030959098644,0.1761997516432869
1356,-2.1000000000000068,0.0184640008241946,4.0,0.11662665644298323,0.13509065726717784
1357,-2.075000000000007,0.0149672796591955,4.0,-0.005366303420009696,0.009600976239185804
1358,-2.050000000000007,0.012196526002848,4.0,-0.018830035495977115,-0.006633509493129115
1359,-2.025000000000007,0.0102689966513155,4.0,-0.060830700310184775,-0.05056170365886928
1360,-2.000000000000007,0.0089532331860567,4.0,-0.01243846815041041,-0.00348523496435371
1361,-1.9750000000000072,0.007983841232906,4.0,-0.06003840008883771,-0.05205455885593171
1362,-1.9500000000000075,0.0071390461848001,4.0,0.05941695563144805,0.06655600181624814
1363,-1.9250000000000076,0.0062794155034247,4.0,0.028679030531681058,0.034958446035105756
1364,-1.9000000000000077,0.0053692054608747,4.0,-0.08387611171029108,-0.07850690624941638
1365,-1.8750000000000075,0.004456571737107,4.0,-0.06145845536350441,-0.05700188362639741
1366,-1.850000000000008,0.0036173622875052,4.0,0.06882867589813231,0.07244603818563751
1367,-1.825000000000008,0.0029046788479614,4.0,-0.09747177224285376,-0.09456709339489236
1368,-1.8000000000000078,0.0023361472206454,4.0,-0.06620673558026864,-0.06387058835962324
1369,-1.775000000000008,0.0019044979247304,4.0,-0.005836002846618595,-0.003931504921888196
1370,-1.750000000000008,0.0015872814872083,4.0,0.20270666522535863,0.20429394671256693
1371,-1.725000000000008,0.0013552043858986,4.0,0.18100213261817444,0.18235733700407303
1372,-1.7000000000000082,0.0011810125161834,4.0,-0.104055107157078,-0.1028740946408946
1373,-1.6750000000000085,0.0010444065178036,4.0,-0.10859355158096277,-0.10754914506315917
1374,-1.6500000000000083,0.0009321157553587,4.0,0.13108848384486224,0.13202059960022094
1375,-1.6250000000000084,0.0008358777842442,4.0,-0.09458090316355264,-0.09374502537930844
1376,-1.6000000000000083,0.0007504793384581,4.0,0.06768922453428766,0.06843970387274576
1377,-1.5750000000000086,0.0006724964005243,4.0,0.06663398447004312,0.06730648087056743
1378,-1.5500000000000087,0.0005996203296025,4.0,-0.1114871758248988,-0.1108875554952963
1379,-1.5250000000000088,0.0005303215947979,4.0,0.023716252927317695,0.024246574522115594
1380,-1.5000000000000089,0.0004636744150864,4.0,0.0079884422131892,0.0084521166282756
1381,-1.475000000000009,0.0003992502517885,4.0,0.016030588143479824,0.016429838395268324
1382,-1.450000000000009,0.0003370400617729,4.0,-0.017637066812796823,-0.017300026751023923
1383,-1.4250000000000091,0.0002773891137851,4.0,0.12511720102751137,0.12539459014129647
1384,-1.4000000000000092,0.0002209362036483,4.0,0.1827714379022271,0.1829923741058754
1385,-1.375000000000009,0.0001685506786739,4.0,-0.07330356943741141,-0.07313501875873751
1386,-1.3500000000000094,0.0001212621940957,4.0,-0.09438209981284773,-0.09426083761875204
1387,-1.3250000000000095,8.018374859177887e-05,4.0,0.1344474033465481,0.13452758709513987
1388,-1.3000000000000096,4.6439094852050334e-05,4.0,-0.0612206695612135,-0.061174230466361446
1389,-1.2750000000000097,2.111642972195105e-05,4.0,0.15645810397542695,0.1564792204051489
1390,-1.2500000000000098,5.272526576139926e-06,4.0,0.0494033640653462,0.049408636591922336
1391,-1.22500000000001,0.0,4.0,-0.16468962585691935,-0.16468962585691935
1392,-1.20000000000001,6.552220828684061e-06,4.0,-0.12898307096353398,-0.1289765187427053
1393,-1.17500000000001,2.6514228069106265e-05,4.0,0.10819968082923756,0.10822619505730667
1394,-1.15000000000001,6.203475492219994e-05,4.0,0.10427180562102645,0.10433384037594864
1395,-1.1250000000000102,0.0001162100262541,4.0,-0.0743530082582671,-0.074236798232013
1396,-1.1000000000000103,0.00019384906951,4.0,0.2448017472273996,0.24499559629690962
1397,-1.0750000000000104,0.0003030977927589,4.0,0.10405129693088373,0.10435439472364264
1398,-1.0500000000000105,0.0004589449536166,4.0,-0.06439915275115823,-0.06394020779754163
1399,-1.0250000000000106,0.0006912511280653,4.0,-0.09770516705322775,-0.09701391592516245
1400,-1.0000000000000109,0.0010667434210868,4.0,0.021050022284639106,0.022116765705725905
1401,-0.9750000000000107,0.0017801808841186,4.0,-0.12702490766703017,-0.12524472678291157
1402,-0.9500000000000108,0.0038056570992546,4.0,-0.026774735865415344,-0.022969078766160743
1403,-0.9250000000000108,0.0157292282533857,4.0,0.10438606515172229,0.12011529340510799
1404,-0.900000000000011,0.1251374660774188,4.0,-0.10568417796857442,0.019453288108844377
1405,-0.8750000000000111,0.5178399589651714,4.0,0.07855757305431431,0.5963975320194858
1406,-0.8500000000000112,0.7343681346172076,4.0,-0.1488655027375315,0.5855026318796761
1407,-0.8250000000000113,0.8533046851495295,4.0,-0.04184157879621729,0.8114631063533122
1408,-0.8000000000000114,0.8954043784609973,4.0,-0.17338852809243782,0.7220158503685594
1409,-0.7750000000000115,0.8889751876212151,4.0,0.1149051512298021,1.0038803388510171
1410,-0.7500000000000115,0.8654501272680883,4.0,-0.27161867079154745,0.5938314564765409
1411,-0.7250000000000116,0.8407890574942571,4.0,-0.1501445911170337,0.6906444663772234
1412,-0.7000000000000117,0.8213998335711656,4.0,0.00858392643948378,0.8299837600106494
1413,-0.6750000000000118,0.8079411161197462,4.0,-0.09379781279502537,0.7141433033247208
1414,-0.6500000000000119,0.7997728927275303,4.0,0.041125540472768174,0.8408984332002984
1415,-0.625000000000012,0.7984360674160129,4.0,-0.12448763692364634,0.6739484304923666
1416,-0.6000000000000121,0.8100407594951815,4.0,-0.020803754807057366,0.7892370046881242
1417,-0.5750000000000122,0.8443146140538195,4.0,0.010077103262500471,0.8543917173163199
1418,-0.5500000000000123,0.901954361371906,4.0,-0.17978874943293363,0.7221656119389723
1419,-0.5250000000000123,0.9564610902040462,4.0,-0.022440794286485537,0.9340202959175607
1420,-0.5000000000000124,0.9863660481614808,4.0,-0.0915822277297222,0.8947838204317585
1421,-0.4750000000000125,0.9983028372611836,4.0,0.06583607271585641,1.06413890997704
1422,-0.4500000000000126,0.9999999999999984,4.0,0.24293034263820223,1.2429303426382008
1423,-0.4250000000000127,0.9937756808323336,4.0,-0.059022658746848526,0.934753022085485
1424,-0.4000000000000128,0.9795367152829332,4.0,-0.17468198913858132,0.8048547261443518
1425,-0.3750000000000129,0.9565069399528132,4.0,-0.2162662874328409,0.7402406525199723
1426,-0.3500000000000129,0.925987896228004,4.0,-0.05511214825731378,0.8708757479706902
1427,-0.325000000000013,0.8943936906827721,4.0,-0.021103796565483043,0.8732898941172891
1428,-0.3000000000000131,0.8702992353452138,4.0,-5.7201169445537323e-05,0.8702420341757683
1429,-0.2750000000000132,0.8572883582791183,4.0,0.0609205050305897,0.918208863309708
1430,-0.2500000000000133,0.8533057302064027,4.0,0.020459785782337998,0.8737655159887406
1431,-0.2250000000000134,0.8549418910094594,4.0,0.01309774485742652,0.8680396358668859
1432,-0.2000000000000135,0.8598746307786419,4.0,0.10394920831721081,0.9638238390958527
1433,-0.1750000000000136,0.8669431246569455,4.0,0.09483157630102677,0.9617747009579722
1434,-0.1500000000000136,0.8755577723283035,4.0,0.08538471903340236,0.9609424913617058
1435,-0.1250000000000137,0.8852577603098761,4.0,0.036825281266697964,0.9220830415765741
1436,-0.1000000000000138,0.8955284464868216,4.0,0.05409408492835498,0.9496225314151766
1437,-0.0750000000000139,0.9057894370753324,4.0,0.07424078995166089,0.9800302270269934
1438,-0.050000000000014,0.915460811087358,4.0,0.042293360021339044,0.957754171108697
1439,-0.0250000000000141,0.924046786300338,4.0,0.19435093795737213,1.1183977242577101
1440,-1.4210854715202004e-14,0.9311922557553804,4.0,0.06932109131817286,1.0005133470735532
1441,0.0249999999999861,0.9366799163845828,4.0,0.09284567639411719,1.0295255927787
1442,0.0499999999999856,0.940361920392936,4.0,0.03800974365001115,0.9783716640429472
1443,0.074999999999985,0.942046826683554,4.0,0.06470066354393862,1.0067474902274927
1444,0.0999999999999854,0.9413673419697188,4.0,-0.12429646678417401,0.8170708751855448
1445,0.1249999999999857,0.9376330275388374,4.0,0.17813311811602844,1.1157661456548658
1446,0.1499999999999852,0.9296347276303504,4.0,0.14527512312089144,1.0749098507512418
1447,0.1749999999999847,0.9153248731708384,4.0,-0.09236334332516567,0.8229615298456727
1448,0.199999999999985,0.8912689816038986,4.0,0.08526664361921227,0.9765356252231108
1449,0.2249999999999854,0.8518176059015045,4.0,-0.10635153958974616,0.7454660663117583
1450,0.2499999999999849,0.7883153641474737,4.0,-0.000185091898141075,0.7881302722493326
1451,0.2749999999999843,0.6899381971671494,4.0,-0.0008900668743956989,0.6890481302927537
1452,0.2999999999999847,0.5511665166759544,4.0,-0.1272934097206775,0.4238731069552769
1453,0.3249999999999851,0.3928900335664374,4.0,0.20503838083698014,0.5979284144034176
1454,0.3499999999999845,0.2615372637126187,4.0,0.02177674979745075,0.28331401351006946
1455,0.374999999999984,0.1699669454803019,4.0,-0.025484077736794616,0.14448286774350727
1456,0.3999999999999843,0.1067605090249307,4.0,0.17874003234479466,0.28550054136972536
1457,0.4249999999999847,0.066496001266188,4.0,0.14400876909203972,0.21050477035822773
1458,0.4499999999999842,0.0431708863297307,4.0,-0.04819582360736264,-0.005024937277631938
1459,0.4749999999999836,0.0299788405253558,4.0,0.13939933295110005,0.16937817347645584
1460,0.499999999999984,0.0222931323304137,4.0,0.004600736205155512,0.026893868535569212
1461,0.5249999999999844,0.0175981509058991,4.0,0.08220621135344605,0.09980436225934515
1462,0.5499999999999838,0.0145883530149624,4.0,0.10330250156914882,0.11789085458411122
1463,0.5749999999999833,0.0125681894924518,4.0,-0.22095664251407693,-0.20838845302162512
1464,0.5999999999999837,0.0111518294200598,4.0,-0.12963780114919093,-0.11848597172913114
1465,0.624999999999984,0.0101182784043585,4.0,0.10260171699318359,0.11271999539754209
1466,0.6499999999999835,0.0093378862892432,4.0,-0.09180982925396806,-0.08247194296472486
1467,0.674999999999983,0.0087327249634505,4.0,-0.08021104860963518,-0.07147832364618469
1468,0.6999999999999833,0.0082544406967835,4.0,0.11271289364965122,0.12096733434643472
1469,0.7249999999999837,0.0078717586021387,4.0,0.08888070815227514,0.09675246675441385
1470,0.7499999999999831,0.007563466844427,4.0,-0.2157807279982352,-0.2082172611538082
1471,0.7749999999999826,0.0073144985741907,4.0,0.06394669110718332,0.07126118968137402
1472,0.799999999999983,0.0071137338597643,4.0,0.03354559336560362,0.04065932722536792
1473,0.8249999999999833,0.0069527403104049,4.0,-0.09347610658439173,-0.08652336627398684
1474,0.8499999999999828,0.0068250223740587,4.0,0.260228125535606,0.26705314790966467
1475,0.8749999999999822,0.0067255487960262,4.0,0.004425085633710791,0.011150634429736992
1476,0.8999999999999826,0.006650436535988,4.0,0.10716486841257848,0.11381530494856648
1477,0.924999999999983,0.0065967268586634,4.0,-0.11734972863842164,-0.11075300177975823
1478,0.9499999999999824,0.0065622190006421,4.0,0.001993817443177778,0.008556036443819878
1479,0.974999999999982,0.0065453420998129,4.0,-0.0904086314990749,-0.08386328939926199
1480,0.9999999999999822,0.0065450540570903,4.0,0.2121026079301879,0.2186476619872782
1481,1.0249999999999826,0.0065607603116933,4.0,0.013619226043316056,0.020179986355009356
1482,1.049999999999982,0.0065922479505355,4.0,0.06888166363517602,0.07547391158571151
1483,1.0749999999999815,0.0066396320174507,4.0,0.05746048992867189,0.06410012194612259
1484,1.099999999999982,0.0067033117691262,4.0,0.05973459183049938,0.06643790359962558
1485,1.1249999999999822,0.0067839351601947,4.0,-0.2765572112284093,-0.2697732760682146
1486,1.1499999999999817,0.0068823701504072,4.0,-0.07712874315155192,-0.07024637300114472
1487,1.1749999999999812,0.006999681587317,4.0,0.06128534979562241,0.06828503138293941
1488,1.1999999999999815,0.0071371124816415,4.0,-0.10272381574903329,-0.09558670326739178
1489,1.224999999999982,0.007296068500663,4.0,-0.11986733989699759,-0.11257127139633459
1490,1.2499999999999811,0.007478104491161,4.0,0.016648217403802602,0.024126321894963602
1491,1.2749999999999808,0.0076849118350949,4.0,-0.0706446935852103,-0.0629597817501154
1492,1.2999999999999812,0.0079183054613824,4.0,0.013293892616063615,0.021212198077446016
1493,1.3249999999999815,0.008180209404027,4.0,-0.000978161376091153,0.007202048027935847
1494,1.349999999999981,0.0084726399241104,4.0,-0.09007417306924398,-0.08160153314513358
1495,1.3749999999999805,0.0087976854085653,4.0,-0.0349266632918917,-0.026128977883326403
1496,1.3999999999999808,0.0091574825224442,4.0,0.11436502679480787,0.12352250931725206
1497,1.4249999999999812,0.0095541884146417,4.0,0.10378942250148578,0.11334361091612748
1498,1.4499999999999806,0.0099899491403883,4.0,-0.10311616443558776,-0.09312621529519946
1499,1.47499999999998,0.0104668648380033,4.0,0.01808329172644937,0.028550156564452672
1500,1.4999999999999805,0.0109869525456721,4.0,0.12263663819222298,0.1336235907378951
1501,1.5249999999999808,0.0115521078271187,4.0,0.15235269920059646,0.16390480702771518
1502,1.5499999999999805,0.0121640665578457,4.0,0.02489836264004207,0.03706242919788777
1503,1.5749999999999795,0.0128243682821821,4.0,0.15397564524968885,0.16680001353187096
1504,1.59999999999998,0.0135343224788152,4.0,0.011477671647107241,0.025011994125922442
1505,1.6249999999999805,0.0142949788815587,4.0,-0.04775907011459426,-0.03346409123303556
1506,1.64999999999998,0.0151071027237557,4.0,0.008133577067704347,0.023240679791460047
1507,1.6749999999999794,0.0159711554522317,4.0,-0.09918404252538786,-0.08321288707315616
1508,1.6999999999999795,0.0168872811371091,4.0,-0.13522850804349884,-0.11834122690638973
1509,1.72499999999998,0.0178552985284433,4.0,-0.06721193700913296,-0.049356638480689656
1510,1.7499999999999796,0.0188746985075735,4.0,0.2717624215373264,0.2906371200448999
1511,1.774999999999979,0.019944646560974,4.0,0.02159898291773932,0.04154362947871332
1512,1.7999999999999794,0.0210639898607953,4.0,0.0850811017216712,0.1061450915824665
1513,1.82499999999998,0.0222312685496289,4.0,0.15773722726697714,0.17996849581660604
1514,1.8499999999999792,0.0234447308709311,4.0,0.04705203984163858,0.07049677071256968
1515,1.874999999999979,0.0247023518345119,4.0,0.052631343791847696,0.0773336956263596
1516,1.899999999999979,0.0260018551374186,4.0,0.06993460107044572,0.09593645620786431
1517,1.9249999999999796,0.0273407380619828,4.0,-0.054610835158165574,-0.027270097096182774
1518,1.9499999999999789,0.0287162990417399,4.0,0.15440898039059295,0.18312527943233284
1519,1.9749999999999783,0.0301256675276308,4.0,0.05503498546556255,0.08516065299319335
1520,1.999999999999979,0.0315658357121453,4.0,-0.1370501188066624,-0.1054842830945171
1521,2.024999999999979,0.0330336915913276,4.0,0.014302399143437963,0.047336090734765565
1522,2.0499999999999785,0.0345260527769289,4.0,-0.06767716759819738,-0.03315111482126848
1523,2.074999999999978,0.0360397004242225,4.0,0.04131851381707697,0.07735821424129946
1524,2.0999999999999783,0.037571412622144,4.0,0.005688798142692843,0.04326021076483685
1525,2.1249999999999787,0.0391179966044815,4.0,-0.0818750406815192,-0.0427570440770377
1526,2.149999999999978,0.0406763191830287,4.0,-0.13296907265517008,-0.09229275347214139
1527,2.1749999999999776,0.0422433348720688,4.0,-0.035989953764257065,0.006253381107811734
1528,2.199999999999978,0.04381611126243,4.0,-0.0008036775242283279,0.04301243373820167
1529,2.2249999999999783,0.0453918513056042,4.0,0.059317559629057603,0.1047094109346618
1530,2.249999999999978,0.0469679122769931,4.0,-0.09635156026616738,-0.04938364798917428
1531,2.2749999999999773,0.0485418212955458,4.0,0.16154417675528562,0.21008599805083142
1532,2.2999999999999776,0.0501112873793718,4.0,-0.12981110412786845,-0.07969981674849665
1533,2.324999999999978,0.0516742101089338,4.0,-0.24876911996117818,-0.19709490985224437
1534,2.349999999999977,0.0532286850482912,4.0,-0.12466494504420648,-0.07143625999591528
1535,2.374999999999977,0.0547730061388179,4.0,-0.03844282891898738,0.016330177219830523
1536,2.3999999999999773,0.0563056653283856,4.0,0.15288553299348892,0.20919119832187452
1537,2.4249999999999776,0.0578253497326052,4.0,-0.042651743445923374,0.015173606286681823
1538,2.449999999999977,0.0593309366444063,4.0,-0.14697902913290056,-0.08764809248849426
1539,2.474999999999977,0.0608214867156475,4.0,0.3404232706543146,0.4012447573699621
1540,2.499999999999977,0.0622962356314231,4.0,0.16721630029237175,0.22951253592379484
1541,2.5249999999999773,0.0637545845862054,4.0,-0.05877250164934376,0.0049820829368616495
1542,2.5499999999999767,0.0651960898529311,4.0,0.16765507428144655,0.23285116413437765
1543,2.574999999999976,0.066620451713324,4.0,-0.08465960959078933,-0.018039157877465337
1544,2.599999999999977,0.0680275029918849,4.0,-0.051778251188162185,0.016249251803722713
1545,2.624999999999977,0.0694171974083684,4.0,-0.05459921764613228,0.014817979762236116
1546,2.6499999999999764,0.0707895979354568,4.0,-0.12911929612560807,-0.05832969819015127
1547,2.674999999999976,0.0721448653206181,4.0,0.05742408169834862,0.1295689470189667
1548,2.699999999999976,0.0734832469045455,4.0,0.14405738225515685,0.21754062915970235
1549,2.724999999999977,0.0748050658436489,4.0,0.107758963077329,0.1825640289209779
1550,2.749999999999976,0.0761107108211032,4.0,0.11001883119978687,0.18612954202089005
1551,2.7749999999999755,0.0774006263102638,4.0,0.1554035207235416,0.23280414703380542
1552,2.799999999999976,0.0786753034358247,4.0,-0.07551620305422649,0.0031591003815982094
1553,2.824999999999976,0.0799352714619935,4.0,0.06434672363427996,0.14428199509627346
1554,2.849999999999976,0.0811810899231022,4.0,0.1073560880143252,0.1885371779374274
1555,2.874999999999975,0.0824133414003313,4.0,-0.162002530266147,-0.0795891888658157
1556,2.8999999999999755,0.0836326249384767,4.0,-0.027336947410299423,0.05629567752817728
1557,2.924999999999976,0.0848395500887218,4.0,0.007971054539435895,0.09281060462815768
1558,2.9499999999999758,0.0860347315570722,4.0,-0.05484167981837069,0.03119305173870151
1559,2.9749999999999748,0.0872187844331841,4.0,0.15969823246332646,0.24691701689651055
1560,2.999999999999975,0.0883923199707117,4.0,0.27136253492224127,0.359754854892953
1561,3.0249999999999755,0.0895559418877382,4.0,-0.08909403159111756,0.00046191029662064065
1562,3.049999999999975,0.0907102431542184,4.0,-0.06996299150771589,0.020747251646502513
1563,3.0749999999999744,0.091855803232541,4.0,-0.14725168247464082,-0.05539587924209982
1564,3.0999999999999748,0.0929931857370785,4.0,-0.040700581984352946,0.052292603752725555
1565,3.124999999999975,0.0941229364789462,4.0,0.17937770890062285,0.2735006453795691
1566,3.1499999999999746,0.0952455818629008,4.0,-0.06908525319665042,0.026160328666250385
1567,3.174999999999974,0.0963616276044033,4.0,-0.01077537051817707,0.08558625708622622
1568,3.1999999999999744,0.0974715577361542,4.0,0.05084680302283809,0.1483183607589923
1569,3.2249999999999748,0.0985758338749312,4.0,0.023171984630194466,0.12174781850512567
1570,3.2499999999999742,0.099674894721156,4.0,-0.022954569571804653,0.07672032514935134
1571,3.2749999999999737,0.1007691557653199,4.0,-0.038004966298859,0.0627641894664609
1572,3.299999999999974,0.1018590091771265,4.0,-0.02966057952225594,0.07219842965487056
1573,3.3249999999999744,0.1029448238549404,4.0,-0.029245325810785483,0.07369949804415492
1574,3.349999999999974,0.1040269456148403,4.0,-0.011705127464200235,0.09232181815064007
1575,3.3749999999999734,0.1051056975002534,4.0,0.10287180554183226,0.20797750304208568
1576,3.3999999999999737,0.1061813801947656,4.0,-0.0003079346672200829,0.10587344552754552
1577,3.424999999999974,0.1072542725222244,4.0,-0.1319578819452649,-0.024703609423040493
1578,3.449999999999973,0.1083246320197584,4.0,-0.1295531584046295,-0.021228526384871105
1579,3.474999999999973,0.1093926955706984,4.0,-0.058036137667646405,0.051356557903052
1580,3.4999999999999734,0.1104586800857001,4.0,-0.10281592284342506,0.007642757242275047
1581,3.5249999999999737,0.1115227832215941,4.0,0.09631685384970988,0.20783963707130398
1582,3.549999999999973,0.1125851841286036,4.0,0.04941169805855503,0.16199688218715863
1583,3.5749999999999726,0.1136460442176561,4.0,0.07654634913624185,0.19019239335389795
1584,3.599999999999973,0.1147055079404359,4.0,0.10460502527024856,0.21931053321068444
1585,3.624999999999973,0.1157637035757689,4.0,0.06299647761994957,0.17876018119571846
1586,3.649999999999973,0.116820744016695,4.0,0.00045662829223168806,0.11727737230892668
1587,3.674999999999972,0.1178767275533709,4.0,-0.029216992135711852,0.08865973541765905
1588,3.6999999999999726,0.1189317386475944,4.0,-0.09007938574285854,0.028852352904735867
1589,3.724999999999973,0.1199858486953658,4.0,0.08017499505682579,0.2001608437521916
1590,3.749999999999973,0.1210391167744609,4.0,0.03739377846195107,0.15843289523641196
1591,3.774999999999972,0.1220915903744787,4.0,-0.26884941120278005,-0.14675782082830136
1592,3.799999999999972,0.1231433061072851,4.0,-0.08380793825396403,0.03933536785332108
1593,3.8249999999999726,0.1241942903961733,4.0,-0.13559138727858253,-0.011397096882409224
1594,3.849999999999972,0.1252445601424051,4.0,0.0410734427657593,0.1663180029081644
1595,3.874999999999972,0.126294123368151,4.0,0.011718213739935786,0.13801233710808677
1596,3.899999999999972,0.1273429798350754,4.0,-0.051569446999362875,0.07577353283571252
1597,3.924999999999972,0.1283911216381141,4.0,0.13526080537449706,0.26365192701261114
1598,3.949999999999972,0.129438533774164,4.0,0.06223361164049167,0.19167214541465566
1599,3.9749999999999712,0.130485194685632,4.0,-0.1261747501120255,0.004310444573606492
1600,-4.0,0.7507898488151713,5.0,-0.004534245615984422,0.7462556031991869
1601,-3.975,0.7498530456606343,5.0,0.15733078742329754,0.9071838330839318
1602,-3.95,0.7489078302199669,5.0,0.11963111038617255,0.8685389406061395
1603,-3.925,0.747954203608807,5.0,0.033261569710389224,0.7812157733191962
1604,-3.9,0.7469921774762122,5.0,-0.17546809864167592,0.5715240788345363
1605,-3.875,0.746021774764358,5.0,0.02461627268584747,0.7706380474502055
1606,-3.850000000000001,0.7450430304786333,5.0,0.13506717729980097,0.8801102077784343
1607,-3.8250000000000006,0.7440559924637921,5.0,0.2757179634068652,1.0197739558706573
1608,-3.8000000000000007,0.7430607221811799,5.0,0.19812268172950684,0.9411834039106868
1609,-3.775000000000001,0.7420572954814594,5.0,-0.0953398346451712,0.6467174608362882
1610,-3.750000000000001,0.7410458033665784,5.0,-0.09303072680298367,0.6480150765635948
1611,-3.725000000000001,0.74002635273405,5.0,-0.011600519736090229,0.7284258329979598
1612,-3.700000000000001,0.7389990670958787,5.0,0.21430628148382735,0.9533053485797061
1613,-3.675000000000001,0.7379640872637482,5.0,0.2070270443104382,0.9449911315741863
1614,-3.650000000000001,0.7369215719912915,5.0,0.10233685431769755,0.8392584263089891
1615,-3.625000000000001,0.7358716985635103,5.0,-0.06391888100626282,0.6719528175572475
1616,-3.6000000000000014,0.7348146633225986,5.0,0.1321237822923819,0.8669384456149805
1617,-3.575000000000001,0.7337506821186024,5.0,0.10867067106408221,0.8424213531826846
1618,-3.5500000000000016,0.7326799906725333,5.0,0.0354496796508377,0.768129670323371
1619,-3.5250000000000017,0.73160284483872,5.0,-0.0067270804746206,0.7248757643640994
1620,-3.5000000000000018,0.7305195207523443,5.0,0.08422538166712458,0.8147449024194688
1621,-3.475000000000002,0.7294303148472212,5.0,-0.025280056897573178,0.704150257949648
1622,-3.450000000000002,0.7283355437280965,5.0,-0.12700045298700752,0.601335090741089
1623,-3.425000000000002,0.7272355438807946,5.0,0.06878852453761534,0.7960240684184099
1624,-3.400000000000002,0.7261306712027007,5.0,-0.07041911473060769,0.655711556472093
1625,-3.375000000000002,0.7250213003351734,5.0,-0.010513387333606317,0.7145079130015671
1626,-3.3500000000000023,0.7239078237785131,5.0,-0.1365380279563284,0.5873697958221847
1627,-3.3250000000000024,0.7227906507691517,5.0,0.11123266644782806,0.8340233172169798
1628,-3.3000000000000025,0.7216702058977126,5.0,-0.04272398243759068,0.6789462234601219
1629,-3.2750000000000026,0.7205469274454285,5.0,-0.12346783517009205,0.5970790922753364
1630,-3.2500000000000027,0.71942126541522,5.0,-0.010114830132131873,0.7093064352830881
1631,-3.2250000000000028,0.7182936792323629,5.0,0.08938361908241223,0.8076772983147751
1632,-3.200000000000003,0.717164635088111,5.0,0.08640351876207901,0.80356815385019
1633,-3.175000000000003,0.7160346028979255,5.0,-0.05007481475311647,0.665959788144809
1634,-3.150000000000003,0.7149040528438706,5.0,-0.11608417536691919,0.5988198774769514
1635,-3.125000000000003,0.7137734514683569,5.0,0.09822741605269425,0.8120008675210512
1636,-3.100000000000003,0.7126432572836653,5.0,0.08297031291113648,0.7956135701948017
1637,-3.0750000000000037,0.7115139158582797,5.0,-0.03923013733194982,0.6722837785263299
1638,-3.050000000000004,0.7103858543372102,5.0,-0.028297990960682272,0.6820878633765279
1639,-3.0250000000000035,0.7092594753487989,5.0,-0.07705043006822862,0.6322090452805702
1640,-3.000000000000004,0.7081351502450154,5.0,0.19078240369314062,0.898917553938156
1641,-2.975000000000004,0.707013211615681,5.0,0.13627086446285577,0.8432840760785367
1642,-2.950000000000004,0.7058939450093891,5.0,-0.006556354622355493,0.6993375903870336
1643,-2.925000000000004,0.704777579784685,5.0,0.06447373049052943,0.7692513102752144
1644,-2.900000000000004,0.7036642790043941,5.0,0.03482201819005768,0.7384862971944518
1645,-2.875000000000004,0.7025541282732602,5.0,0.23682512912167145,0.9393792573949317
1646,-2.850000000000004,0.70144712340421,5.0,0.04208678990436569,0.7435339133085757
1647,-2.825000000000004,0.7003431567812289,5.0,-0.1704782794715973,0.5298648773096316
1648,-2.8000000000000043,0.69924200226641,5.0,0.10041776487742791,0.7996597671438379
1649,-2.7750000000000044,0.698143298475173,5.0,0.27644429011880434,0.9745875885939773
1650,-2.7500000000000044,0.6970465302160795,5.0,0.06121358315858613,0.7582601133746657
1651,-2.7250000000000045,0.6959510078598076,5.0,0.06519725559020355,0.7611482634500111
1652,-2.7000000000000046,0.6948558443650767,5.0,-0.14193578179658226,0.5529200625684945
1653,-2.6750000000000047,0.693759929646744,5.0,0.048856050831695676,0.7426159804784397
1654,-2.650000000000005,0.6926619019227411,5.0,0.07852067814682721,0.7711825800695683
1655,-2.625000000000005,0.6915601156206634,5.0,0.10825463703656477,0.7998147526572282
1656,-2.600000000000005,0.6904526053614298,5.0,0.053269217587595605,0.7437218229490254
1657,-2.575000000000005,0.6893370454655875,5.0,0.11148783332288384,0.8008248787884713
1658,-2.550000000000005,0.6882107043468704,5.0,0.21233657198662645,0.9005472763334968
1659,-2.525000000000005,0.6870703930672882,5.0,0.07180339255456368,0.7588737856218519
1660,-2.5000000000000053,0.6859124072279621,5.0,-0.13876873330618605,0.5471436739217761
1661,-2.4750000000000054,0.6847324612605897,5.0,0.11426522119274976,0.7989976824533395
1662,-2.450000000000005,0.6835256140667038,5.0,0.004749498764449583,0.6882751128311534
1663,-2.4250000000000056,0.6822861848278562,5.0,0.08866141781320636,0.7709476026410625
1664,-2.4000000000000057,0.6810076576830998,5.0,-0.1696361457705601,0.5113715119125397
1665,-2.3750000000000058,0.6796825738461588,5.0,-0.08605739189885041,0.5936251819473084
1666,-2.350000000000006,0.6783024096222524,5.0,0.1494417861389507,0.8277441957612031
1667,-2.325000000000006,0.6768574386963486,5.0,-0.22208739042590794,0.45477004827044065
1668,-2.300000000000006,0.6753365770190721,5.0,-0.0719145270468308,0.6034220499722414
1669,-2.275000000000006,0.6737272086397581,5.0,-0.018416252903125666,0.6553109557366325
1670,-2.250000000000006,0.6720149909646336,5.0,-0.05739097513931158,0.614624015825322
1671,-2.2250000000000063,0.670183638201927,5.0,0.20190234093615803,0.8720859791380849
1672,-2.2000000000000064,0.6682146822634336,5.0,-0.11499139421692456,0.5532232880465091
1673,-2.1750000000000065,0.666087211214995,5.0,-0.1319678955693863,0.5341193156456088
1674,-2.1500000000000066,0.6637775866283929,5.0,-0.21588235510871742,0.4478952315196755
1675,-2.1250000000000067,0.661259143042182,5.0,4.070491163966238e-06,0.661263213533346
1676,-2.1000000000000068,0.6585018753911935,5.0,-0.21541570325600926,0.4430861721351843
1677,-2.075000000000007,0.6554721239640753,5.0,0.08279116352578733,0.7382632874898626
1678,-2.050000000000007,0.6521322714938186,5.0,-0.011009067825189907,0.6411232036686286
1679,-2.025000000000007,0.6484404737113564,5.0,-0.06951842031446276,0.5789220533968936
1680,-2.000000000000007,0.6443504534302417,5.0,-0.02477497068218128,0.6195754827480604
1681,-1.9750000000000072,0.6398113992385707,5.0,0.07227449082854359,0.7120858900671143
1682,-1.9500000000000075,0.634768023192819,5.0,0.019768693692000936,0.65453671688482
1683,-1.9250000000000076,0.6291608471202164,5.0,0.21526348597983833,0.8444243331000547
1684,-1.9000000000000077,0.6229268029936441,5.0,0.038109104153734995,0.6610359071473791
1685,-1.8750000000000075,0.6160002467308422,5.0,0.11421625376052438,0.7302165004913665
1686,-1.850000000000008,0.6083144920341857,5.0,0.12567608270947458,0.7339905747436604
1687,-1.825000000000008,0.5998039641458923,5.0,-0.02912394022751805,0.5706800239183742
1688,-1.8000000000000078,0.5904070421438233,5.0,0.012109004748187182,0.6025160468920105
1689,-1.775000000000008,0.5800695895089967,5.0,-0.05577598320217336,0.5242936063068233
1690,-1.750000000000008,0.5687490526065192,5.0,-0.093207589404215,0.47554146320230417
1691,-1.725000000000008,0.5564188263226154,5.0,-0.21505114155581403,0.34136768476680135
1692,-1.7000000000000082,0.543072348510296,5.0,0.02496397444104581,0.5680363229513418
1693,-1.6750000000000085,0.5287261148477597,5.0,0.09391277330635969,0.6226388881541194
1694,-1.6500000000000083,0.5134205563912669,5.0,0.07402480479720715,0.5874453611884741
1695,-1.6250000000000084,0.4972175726358631,5.0,-0.09065489030902937,0.4065626823268337
1696,-1.6000000000000083,0.4801935500149646,5.0,-0.03518055695210531,0.4450129930628593
1697,-1.5750000000000086,0.4624269798921384,5.0,-0.030489821393228998,0.4319371584989094
1698,-1.5500000000000087,0.4439803197286455,5.0,0.024879543306417475,0.46885986303506294
1699,-1.5250000000000088,0.4248764435063845,5.0,-0.15130647284335086,0.2735699706630336
1700,-1.5000000000000089,0.4050708060626927,5.0,-0.09348067775403945,0.31159012830865324
1701,-1.475000000000009,0.3844212989791087,5.0,-0.0061824299455331844,0.3782388690335755
1702,-1.450000000000009,0.3626589765819514,5.0,0.05913627081818437,0.42179524740013574
1703,-1.4250000000000091,0.3393651503860166,5.0,0.03710611979304733,0.37647127017906395
1704,-1.4000000000000092,0.3139652913801313,5.0,-0.07213917499241157,0.24182611638771973
1705,-1.375000000000009,0.2857600474944072,5.0,0.036728221495874805,0.322488268990282
1706,-1.3500000000000094,0.2540306220588441,5.0,-0.15910242562273802,0.09492819643610606
1707,-1.3250000000000095,0.2182768251492902,5.0,0.04133441380583016,0.25961123895512034
1708,-1.3000000000000096,0.1786482782349625,5.0,0.04342796129703375,0.22207623953199623
1709,-1.2750000000000097,0.136543351870587,5.0,0.08056452108914951,0.2171078729597365
1710,-1.2500000000000098,0.0950723331590686,5.0,-0.13886331159699328,-0.04379097843792468
1711,-1.22500000000001,0.0586796514511868,5.0,-0.014872730345363551,0.04380692110582325
1712,-1.20000000000001,0.0313558002875522,5.0,-0.19441456892618963,-0.16305876863863744
1713,-1.17500000000001,0.0143534034216793,5.0,0.0517881179016171,0.0661415213232964
1714,-1.15000000000001,0.0056886697684135,5.0,0.032983874556204586,0.038672544324618086
1715,-1.1250000000000102,0.0019860162997586,5.0,-0.15609358494205092,-0.1541075686422923
1716,-1.1000000000000103,0.0005684488800477,5.0,0.1851496461836422,0.18571809506368991
1717,-1.0750000000000104,7.415762973143989e-05,5.0,0.13413641585565578,0.13421057348538723
1718,-1.0500000000000105,0.0,5.0,-0.08430929968714601,-0.08430929968714601
1719,-1.0250000000000106,0.000224513087619,5.0,0.12324407509117763,0.12346858817879663
1720,-1.0000000000000109,0.0007758627163782,5.0,0.0054769938854018815,0.006252856601780082
1721,-0.9750000000000107,0.0017049902130186,5.0,0.0625936461200856,0.0642986363331042
1722,-0.9500000000000108,0.0030145238754929,5.0,0.12281019330559659,0.12582471718108948
1723,-0.9250000000000108,0.0047473949174179,5.0,0.05542796981055332,0.06017536472797122
1724,-0.900000000000011,0.0073688587437826,5.0,-0.14177635721227294,-0.13440749846849034
1725,-0.8750000000000111,0.0126554796972808,5.0,0.10214658930387399,0.11480206900115479
1726,-0.8500000000000112,0.0248845056835573,5.0,0.03372215450082658,0.058606660184383874
1727,-0.8250000000000113,0.0472545792724679,5.0,0.06805985986847961,0.11531443914094751
1728,-0.8000000000000114,0.0744987422438527,5.0,0.31896860453697723,0.39346734678082995
1729,-0.7750000000000115,0.1012896508272957,5.0,-0.10084654852684138,0.000443102300454315
1730,-0.7500000000000115,0.124751632248691,5.0,-0.15281303169804078,-0.02806139944934978
1731,-0.7250000000000116,0.1407543090929041,5.0,-0.007655024349775889,0.1330992847431282
1732,-0.7000000000000117,0.1479265841938175,5.0,-0.06986876885014415,0.07805781534367334
1733,-0.6750000000000118,0.149153733230668,5.0,0.0253400966922775,0.1744938299229455
1734,-0.6500000000000119,0.1480188411621834,5.0,-0.0036541497973710236,0.14436469136481236
1735,-0.625000000000012,0.1465214670662606,5.0,0.01503106946106251,0.1615525365273231
1736,-0.6000000000000121,0.1453174691710302,5.0,0.07256179525721894,0.21787926442824912
1737,-0.5750000000000122,0.1444812217513032,5.0,-0.058862872629730306,0.0856183491215729
1738,-0.5500000000000123,0.1439254659571219,5.0,0.0036747444466124395,0.14760021040373436
1739,-0.5250000000000123,0.1435474674848521,5.0,0.14069382526879806,0.2842412927536502
1740,-0.5000000000000124,0.1432651567984035,5.0,-0.1584375944446809,-0.015172437646277404
1741,-0.4750000000000125,0.1430197971051673,5.0,-0.08204562331640916,0.060974173788758135
1742,-0.4500000000000126,0.1427707691670502,5.0,0.0015708368183089082,0.1443416059853591
1743,-0.4250000000000127,0.1424898666827899,5.0,0.017957168428470106,0.16044703511126002
1744,-0.4000000000000128,0.1421568683061496,5.0,0.07190465380426161,0.2140615221104112
1745,-0.3750000000000129,0.1417565289139465,5.0,-0.046558746576602514,0.09519778233734398
1746,-0.3500000000000129,0.1412767532458838,5.0,0.021461965398925077,0.16273871864480888
1747,-0.325000000000013,0.1407077064205771,5.0,0.3080715942296534,0.44877930065023053
1748,-0.3000000000000131,0.140041647315072,5.0,-0.2285139802558635,-0.08847233294079151
1749,-0.2750000000000132,0.1392730584710332,5.0,0.17375488522701427,0.31302794369804743
1750,-0.2500000000000133,0.1383976143891416,5.0,-0.0356172027735988,0.10278041161554281
1751,-0.2250000000000134,0.1374055627274616,5.0,-0.01821389743218154,0.11919166529528005
1752,-0.2000000000000135,0.1362592898299116,5.0,-0.07983158725112413,0.05642770257878746
1753,-0.1750000000000136,0.1348406401219757,5.0,0.10643366260401305,0.24127430272598874
1754,-0.1500000000000136,0.1328756131225472,5.0,0.11626626934425266,0.24914188246679986
1755,-0.1250000000000137,0.1299468763559885,5.0,0.022063472224623643,0.15201034858061216
1756,-0.1000000000000138,0.1258596433492762,5.0,-0.021202419793077115,0.1046572235561991
1757,-0.0750000000000139,0.1213831517146403,5.0,0.1837739322055281,0.3051570839201684
1758,-0.050000000000014,0.1183833846097652,5.0,0.06389644754526615,0.18227983215503135
1759,-0.0250000000000141,0.1184755271711784,5.0,0.0776780294177343,0.1961535565889127
1760,-1.4210854715202004e-14,0.1216092615322737,5.0,0.05985557701193532,0.18146483854420903
1761,0.0249999999999861,0.1260695069313884,5.0,0.2617434288360136,0.387812935767402
1762,0.0499999999999856,0.1291885061181068,5.0,-0.10119072023966372,0.027997785878443093
1763,0.074999999999985,0.1278237974007964,5.0,-0.13923898601764786,-0.011415188616851452
1764,0.0999999999999854,0.118631468542233,5.0,-0.017733568674235776,0.10089789986799721
1765,0.1249999999999857,0.0987961805608233,5.0,-0.0520130371917794,0.0467831433690439
1766,0.1499999999999852,0.0687002036250782,5.0,0.18063314887626133,0.24933335250133953
1767,0.1749999999999847,0.0371614031317586,5.0,-0.03018870140272847,0.006972701729030129
1768,0.199999999999985,0.01917088632055,5.0,0.03025038831619573,0.04942127463674573
1769,0.2249999999999854,0.0272619357838678,5.0,-0.12513557077675852,-0.09787363499289072
1770,0.2499999999999849,0.0421822635630578,5.0,-0.04124440338667975,0.0009378601763780497
1771,0.2749999999999843,0.0413818339885055,5.0,-0.21430245905908618,-0.17292062507058067
1772,0.2999999999999847,0.1058400169552977,5.0,0.05231377255172667,0.15815378950702436
1773,0.3249999999999851,0.5275046356555003,5.0,0.15641522001775474,0.6839198556732551
1774,0.3499999999999845,0.8773985193281463,5.0,-0.10533614989250575,0.7720623694356405
1775,0.374999999999984,0.937547715289746,5.0,0.28683335859763553,1.2243810738873815
1776,0.3999999999999843,0.9485855971139194,5.0,0.09354099513038147,1.0421265922443008
1777,0.4249999999999847,0.9500429505519962,5.0,0.15267783821612574,1.1027207887681219
1778,0.4499999999999842,0.9491333966834418,5.0,0.13782091421754888,1.0869543109009907
1779,0.4749999999999836,0.9478101380276592,5.0,0.07728676307131817,1.0250969010989774
1780,0.499999999999984,0.9466934815103026,5.0,0.15298433959278696,1.0996778211030895
1781,0.5249999999999844,0.9459645196512112,5.0,0.06493893356097108,1.0109034532121823
1782,0.5499999999999838,0.9456520004689734,5.0,0.21035800932521417,1.1560100097941874
1783,0.5749999999999833,0.9457398773940676,5.0,0.1518317923312392,1.0975716697253068
1784,0.5999999999999837,0.9462004153676126,5.0,-0.12017293475858268,0.8260274806090299
1785,0.624999999999984,0.94698831868744,5.0,-0.06233184015031628,0.8846564785371238
1786,0.6499999999999835,0.9480155542406704,5.0,-0.1080790399397763,0.8399365143008941
1787,0.674999999999983,0.9491268576336588,5.0,0.21293628833140663,1.1620631459650654
1788,0.6999999999999833,0.9500972764928636,5.0,-0.23106341693027335,0.7190338595625902
1789,0.7249999999999837,0.9506631523763854,5.0,-0.06399311897482304,0.8866700334015624
1790,0.7499999999999831,0.950576093284906,5.0,0.07416973216963847,1.0247458254545445
1791,0.7749999999999826,0.9496536864351924,5.0,0.2575235482395871,1.2071772346747796
1792,0.799999999999983,0.9478069248686812,5.0,0.011611141703904615,0.9594180665725859
1793,0.8249999999999833,0.9450425574077068,5.0,-0.05880742947537157,0.8862351279323353
1794,0.8499999999999828,0.9414475195703764,5.0,0.053571044422997934,0.9950185639933744
1795,0.8749999999999822,0.9371593330297492,5.0,0.04747589821042322,0.9846352312401724
1796,0.8999999999999826,0.9323242448438046,5.0,-0.2226476878448797,0.709676556998925
1797,0.924999999999983,0.927051170385628,5.0,0.06429260215372468,0.9913437725393527
1798,0.9499999999999824,0.9213770229753656,5.0,-0.0690924229355087,0.852284600039857
1799,0.974999999999982,0.9152578928233072,5.0,-0.010929264844269506,0.9043286279790377
1800,0.9999999999999822,0.9085912101122978,5.0,0.004982422482749161,0.913573632595047
1801,1.0249999999999826,0.9012648640523628,5.0,0.04228933925207462,0.9435542033044375
1802,1.049999999999982,0.8932249901618443,5.0,-0.05527995328440471,0.8379450368774396
1803,1.0749999999999815,0.8845516209756549,5.0,0.11177799656166187,0.9963296175373167
1804,1.099999999999982,0.8755255500341793,5.0,-0.15205887598987844,0.7234666740443009
1805,1.1249999999999822,0.8666612239535638,5.0,0.0642717233561879,0.9309329473097517
1806,1.1499999999999817,0.8586779255606357,5.0,0.0018310453221265272,0.8605089708827622
1807,1.1749999999999812,0.8523955774998365,5.0,0.07283857236564208,0.9252341498654786
1808,1.1999999999999815,0.8485724087596943,5.0,-0.00463592964409284,0.8439364791156014
1809,1.224999999999982,0.8477329905852857,5.0,-0.2586345750652921,0.5890984155199936
1810,1.2499999999999811,0.8500451683928995,5.0,-0.07317020378032187,0.7768749646125775
1811,1.2749999999999808,0.8552861102841098,5.0,0.005399187506898995,0.8606852977910089
1812,1.2999999999999812,0.8629031191696679,5.0,0.09438460468506063,0.9572877238547285
1813,1.3249999999999815,0.8721423264506011,5.0,0.09575959383252247,0.9679019202831236
1814,1.349999999999981,0.8822003341445933,5.0,-0.06056045916612995,0.8216398749784634
1815,1.3749999999999805,0.8923544449416692,5.0,-0.09445577951205054,0.7978986654296186
1816,1.3999999999999808,0.9020432613334596,5.0,0.2795230887795824,1.181566350113042
1817,1.4249999999999812,0.9108920457269029,5.0,0.1532856502984472,1.0641776960253502
1818,1.4499999999999806,0.9186954383315804,5.0,-0.015712065848787593,0.9029833724827928
1819,1.47499999999998,0.9253776386336628,5.0,0.03933770401830971,0.9647153426519726
1820,1.4999999999999805,0.9309478877642277,5.0,-0.020408999422684645,0.9105388883415431
1821,1.5249999999999808,0.9354621906156416,5.0,0.025939827653065704,0.9614020182687073
1822,1.5499999999999805,0.938995501120563,5.0,0.12071431826993191,1.0597098193904948
1823,1.5749999999999795,0.941624310279908,5.0,0.035775733699870194,0.9774000439797782
1824,1.59999999999998,0.9434177782668234,5.0,0.10000310817120946,1.0434208864380328
1825,1.6249999999999805,0.9444353582703366,5.0,0.06255017325576216,1.0069855315260987
1826,1.64999999999998,0.9447293529688244,5.0,0.23160046973418133,1.1763298227030057
1827,1.6749999999999794,0.9443513783501036,5.0,-0.20123607418770464,0.743115304162399
1828,1.6999999999999795,0.9433618886805196,5.0,0.00866965984431708,0.9520315485248367
1829,1.72499999999998,0.9418415283046682,5.0,0.06088374244260971,1.0027252707472778
1830,1.7499999999999796,0.9399021276659644,5.0,0.08768108772070278,1.027583215386667
1831,1.774999999999979,0.9376940213393364,5.0,-0.04318597013837942,0.894508051200957
1832,1.7999999999999794,0.9354058372106968,5.0,0.017545958015006878,0.9529517952257037
1833,1.82499999999998,0.9332539344733144,5.0,0.10407991088920542,1.0373338453625198
1834,1.8499999999999792,0.9314616062534312,5.0,-0.05364446417077232,0.8778171420826589
1835,1.874999999999979,0.9302320782621925,5.0,0.057668758570574956,0.9879008368327674
1836,1.899999999999979,0.9297222253115492,5.0,0.1204468051960154,1.0501690305075646
1837,1.9249999999999796,0.93002404064597,5.0,0.0505067028408795,0.9805307434868495
1838,1.9499999999999789,0.9311580942385111,5.0,-0.21029201930442357,0.7208660749340876
1839,1.9749999999999783,0.9330790831649504,5.0,0.02844909175893877,0.9615281749238891
1840,1.999999999999979,0.9356901762527644,5.0,-0.2923923797303042,0.6432977965224602
1841,2.024999999999979,0.9388614040936836,5.0,0.012558813932375254,0.9514202180260588
1842,2.0499999999999785,0.9424477930825242,5.0,-0.10418968847750201,0.8382581046050223
1843,2.074999999999978,0.9463044449682309,5.0,-0.014414618965437942,0.9318898260027929
1844,2.0999999999999783,0.9502974017136688,5.0,-0.13500357953490852,0.8152938221787603
1845,2.1249999999999787,0.9543103484306767,5.0,0.00019853154774539865,0.9545088799784222
1846,2.149999999999978,0.9582478509813956,5.0,0.16128667886070414,1.1195345298420998
1847,2.1749999999999776,0.9620360172275008,5.0,0.15475286197980878,1.1167888792073095
1848,2.199999999999978,0.9656214081217336,5.0,-0.011317737716832097,0.9543036704049015
1849,2.2249999999999783,0.9689688675836754,5.0,-0.05861676804239967,0.9103520995412757
1850,2.249999999999978,0.9720587782698208,5.0,-0.2581251745509728,0.713933603718848
1851,2.2749999999999773,0.9748841157280832,5.0,-0.009250785646968733,0.9656333300811145
1852,2.2999999999999776,0.9774475669741536,5.0,0.06992032022119143,1.0473678871953451
1853,2.324999999999978,0.9797588933114688,5.0,0.076206804648651,1.0559656979601197
1854,2.349999999999977,0.9818326453058102,5.0,0.25079059657640923,1.2326232418822194
1855,2.374999999999977,0.9836862784818948,5.0,0.19499126294245053,1.1786775414243453
1856,2.3999999999999773,0.9853386721373054,5.0,0.21699174888185951,1.202330421019165
1857,2.4249999999999776,0.9868090212649938,5.0,0.14080711623604045,1.1276161375010343
1858,2.449999999999977,0.9881160522556658,5.0,0.26756802037157434,1.2556840726272402
1859,2.474999999999977,0.9892775047633892,5.0,-0.0007519318571101088,0.9885255729062791
1860,2.499999999999977,0.9903098220159868,5.0,0.10892627682530646,1.0992360988412933
1861,2.5249999999999773,0.9912279969938578,5.0,0.009116378898452343,1.00034437589231
1862,2.5499999999999767,0.9920455297566468,5.0,0.011325122530339621,1.0033706522869865
1863,2.574999999999976,0.9927744598856136,5.0,-0.173560457048317,0.8192140028372966
1864,2.599999999999977,0.9934254463159552,5.0,-0.1011663238123408,0.8922591225036144
1865,2.624999999999977,0.9940078740995204,5.0,0.18245625063918164,1.176464124738702
1866,2.6499999999999764,0.9945299736084008,5.0,0.02952198739553706,1.0240519610039378
1867,2.674999999999976,0.994998942362404,5.0,-0.07662285625142644,0.9183760861109777
1868,2.699999999999976,0.9954210631753644,5.0,0.06231179810035449,1.0577328612757189
1869,2.724999999999977,0.9958018148608604,5.0,0.12503830878863598,1.1208401236494963
1870,2.749999999999976,0.9961459735195524,5.0,0.011509215966598724,1.0076551894861512
1871,2.7749999999999755,0.9964577036317956,5.0,0.06739361239896981,1.0638513160307654
1872,2.799999999999976,0.996740638954701,5.0,0.034135345323864655,1.0308759842785657
1873,2.824999999999976,0.9969979536950144,5.0,-0.14131699747450358,0.8556809562205109
1874,2.849999999999976,0.9972324246916332,5.0,0.015685578168826084,1.0129180028604592
1875,2.874999999999975,0.9974464854634828,5.0,-0.14718589933539672,0.8502605861280861
1876,2.8999999999999755,0.9976422730095422,5.0,-0.1254267689625369,0.8722155040470053
1877,2.924999999999976,0.9978216682228912,5.0,0.12680114600055667,1.1246228142234478
1878,2.9499999999999758,0.9979863307236084,5.0,-0.19694806758939978,0.8010382631342087
1879,2.9749999999999748,0.9981377288420068,5.0,-0.0683525730801272,0.9297851557618796
1880,2.999999999999975,0.9982771654042768,5.0,0.0800290432045605,1.0783062086088373
1881,3.0249999999999755,0.9984057998934636,5.0,-0.10543657917898233,0.8929692207144813
1882,3.049999999999975,0.9985246674834508,5.0,0.14685431652390837,1.1453789840073592
1883,3.0749999999999744,0.998634695374251,5.0,0.05837319773827166,1.0570078931125226
1884,3.0999999999999748,0.998736716794144,5.0,-0.10303348299920904,0.895703233794935
1885,3.124999999999975,0.998831482978193,5.0,0.004154332620539574,1.0029858155987326
1886,3.1499999999999746,0.9989196733830592,5.0,0.08543159612301446,1.0843512695060737
1887,3.174999999999974,0.999001904354288,5.0,0.07407645595703424,1.0730783603113223
1888,3.1999999999999744,0.999078736423708,5.0,0.033830545008406966,1.032909281432115
1889,3.2249999999999748,0.9991506803805666,5.0,0.06261118127897834,1.061761861659545
1890,3.2499999999999742,0.9992182022298836,5.0,-0.17201181512021568,0.8272063871096679
1891,3.2749999999999737,0.9992817271245958,5.0,-0.043712389437890575,0.9555693376867053
1892,3.299999999999974,0.9993416423338072,5.0,0.11852471711733427,1.1178663594511415
1893,3.3249999999999744,0.9993982992873498,5.0,-0.1351300079312527,0.8642682913560971
1894,3.349999999999974,0.99945201471638,5.0,-0.04598482462221563,0.9534671900941644
1895,3.3749999999999734,0.9995030708904544,5.0,-0.04570137049966227,0.9538017003907922
1896,3.3999999999999737,0.9995517149329802,5.0,0.1927755208166927,1.1923272357496728
1897,3.424999999999974,0.9995981571786574,5.0,0.02006942031626661,1.019667577494924
1898,3.449999999999973,0.9996425685180014,5.0,0.26002561612867753,1.2596681846466788
1899,3.474999999999973,0.9996850766545904,5.0,-0.09514366828258077,0.9045414083720096
1900,3.4999999999999734,0.9997257611795046,5.0,0.07598000723107062,1.0757057684105753
1901,3.5249999999999737,0.999764647343352,5.0,0.07353374827652011,1.073298395619872
1902,3.549999999999973,0.9998016983776794,5.0,0.014454432143440568,1.01425613052112
1903,3.5749999999999726,0.9998368061821806,5.0,-0.007577024532745814,0.9922597816494348
1904,3.599999999999973,0.9998697801485844,5.0,-0.010499029097379355,0.9893707510512051
1905,3.624999999999973,0.9999003338318192,5.0,-0.0797256504792428,0.9201746833525764
1906,3.649999999999973,0.9999280690973728,5.0,0.09983124697380594,1.0997593160711787
1907,3.674999999999972,0.9999524572615,5.0,0.1069627799945546,1.1069152372560545
1908,3.6999999999999726,0.9999728165854268,5.0,-0.10741384145671141,0.8925589751287154
1909,3.724999999999973,0.999988285268625,5.0,-0.026955830117997216,0.9730324551506279
1910,3.749999999999973,0.9999977887862194,5.0,0.12119029244683327,1.1211880812330526
1911,3.774999999999972,0.9999999999999992,5.0,-0.3294428590897337,0.6705571409102655
1912,3.799999999999972,0.9999932898982068,5.0,0.06304420448693389,1.0630374943851406
1913,3.8249999999999726,0.9999756660256142,5.0,0.03894720208495644,1.0389228681105707
1914,3.849999999999972,0.9999446945628792,5.0,0.06963281524608221,1.0695775098089613
1915,3.874999999999972,0.9998974004611404,5.0,0.1872299965595008,1.187127397020641
1916,3.899999999999972,0.9998301377940108,5.0,0.1747962660527832,1.174626403846794
1917,3.924999999999972,0.999738419123496,5.0,-0.07262934221833685,0.9271090769051592
1918,3.949999999999972,0.9996166873921124,5.0,0.08771858022381172,1.087335267615924
1919,3.9749999999999712,0.9994580051672268,5.0,-0.017159153036523437,0.9822988521307033
1920,-4.0,0.9365672488199132,6.0,0.039617661229857805,0.9761849100497709
1921,-3.975,0.9392863323157726,6.0,0.06367605932495968,1.0029623916407324
1922,-3.95,0.942076895698767,6.0,-0.3351953230344413,0.6068815726643257
1923,-3.925,0.9449331054545276,6.0,0.11291286240035871,1.0578459678548864
1924,-3.9,0.9478482951315658,6.0,-0.1724290785224856,0.7754192166090802
1925,-3.875,0.9508149219523476,6.0,0.061765026459276846,1.0125799484116245
1926,-3.850000000000001,0.9538245234517518,6.0,-0.2731528369824294,0.6806716864693224
1927,-3.8250000000000006,0.9568676741914864,6.0,0.029499874974543008,0.9863675491660294
1928,-3.8000000000000007,0.959933942572243,6.0,0.06312437194163668,1.0230583145138796
1929,-3.775000000000001,0.9630118477335382,6.0,0.03847525935005249,1.0014871070835907
1930,-3.750000000000001,0.9660888164938662,6.0,0.19658455803819644,1.1626733745320628
1931,-3.725000000000001,0.9691511402407096,6.0,0.09503499935134073,1.0641861395920502
1932,-3.700000000000001,0.9721839316306736,6.0,0.05407141411761659,1.0262553457482901
1933,-3.675000000000001,0.9751710809044116,6.0,0.02939476863114721,1.004565849535559
1934,-3.650000000000001,0.9780952115589076,6.0,-0.15649408545231408,0.8216011261065934
1935,-3.625000000000001,0.9809376350515236,6.0,0.0070924176789002365,0.9880300527304239
1936,-3.6000000000000014,0.9836783041365028,6.0,-0.09997608027418318,0.8837022238623197
1937,-3.575000000000001,0.9862957643570506,6.0,-0.08586135053450697,0.9004344138225436
1938,-3.5500000000000016,0.9887671031371548,6.0,0.17186704882377887,1.1606341519609336
1939,-3.5250000000000017,0.9910678958411177,6.0,0.19093116780626754,1.1819990636473852
1940,-3.5000000000000018,0.9931721481019096,6.0,-0.08501332695922416,0.9081588211426854
1941,-3.475000000000002,0.9950522336715604,6.0,0.18628647710353055,1.181338710775091
1942,-3.450000000000002,0.9966788270322692,6.0,-0.10052325830037327,0.896155568731896
1943,-3.425000000000002,0.9980208300465546,6.0,-0.002236089295963816,0.9957847407505908
1944,-3.400000000000002,0.9990452920484678,6.0,-0.004220922197190935,0.9948243698512769
1945,-3.375000000000002,0.9997173230282586,6.0,-0.032079725966182304,0.9676375970620763
1946,-3.3500000000000023,0.9999999999999984,6.0,-0.03705112631495341,0.962948873685045
1947,-3.3250000000000024,0.9998542673500072,6.0,-0.07638042857543853,0.9234738387745687
1948,-3.3000000000000025,0.9992388330608596,6.0,0.06777162354111389,1.0670104566019736
1949,-3.2750000000000026,0.9981100643536304,6.0,-0.07942529399429903,0.9186847703593314
1950,-3.2500000000000027,0.9964218887114228,6.0,0.09623025143796844,1.0926521401493912
1951,-3.2250000000000028,0.994125709738134,6.0,-0.1057906145764659,0.8883350951616681
1952,-3.200000000000003,0.9911703522620434,6.0,-0.10174887874047082,0.8894214735215726
1953,-3.175000000000003,0.987502058019522,6.0,-0.12693554216104017,0.8605665158584818
1954,-3.150000000000003,0.98306456277477,6.0,-0.20246463421817595,0.780599928556594
1955,-3.125000000000003,0.9777992985699228,6.0,0.005473052019458411,0.9832723505893811
1956,-3.100000000000003,0.971645781707495,6.0,0.1165538946085865,1.0881996763160815
1957,-3.0750000000000037,0.9645422686510716,6.0,-0.06832217368833918,0.8962200949627325
1958,-3.050000000000004,0.956426788417675,6.0,-0.12634978919794335,0.8300769992197317
1959,-3.0250000000000035,0.9472386902718524,6.0,0.07499296858317596,1.0222316588550284
1960,-3.000000000000004,0.9369208766071512,6.0,0.21917708696334978,1.1560979635705009
1961,-2.975000000000004,0.9254229163207316,6.0,0.26304143173542643,1.188464348056158
1962,-2.950000000000004,0.912705241940776,6.0,-0.02769025700482948,0.8850149849359464
1963,-2.925000000000004,0.8987446052900977,6.0,-0.2631902912647335,0.6355543140253642
1964,-2.900000000000004,0.8835408746600377,6.0,-0.058505048040503854,0.8250358266195339
1965,-2.875000000000004,0.8671250688283729,6.0,0.1063171734118224,0.9734422422401954
1966,-2.850000000000004,0.8495682103288498,6.0,-0.11586177969195278,0.733706430636897
1967,-2.825000000000004,0.8309901340350326,6.0,0.024166418665906044,0.8551565527009387
1968,-2.8000000000000043,0.8115668490957884,6.0,-0.037256816166118936,0.7743100329296694
1969,-2.7750000000000044,0.7915345456626087,6.0,-0.21588900435955,0.5756455413030588
1970,-2.7500000000000044,0.7711880808741878,6.0,0.08133823157952799,0.8525263124537158
1971,-2.7250000000000045,0.7508720476841327,6.0,-0.17972685356085355,0.5711451941232792
1972,-2.7000000000000046,0.7309635463874653,6.0,-0.15652376742735732,0.574439778960108
1973,-2.6750000000000047,0.7118475340045187,6.0,-0.09946363129796683,0.6123839027065519
1974,-2.650000000000005,0.6938877406655631,6.0,0.013726040318166034,0.7076137809837292
1975,-2.625000000000005,0.6773978888670373,6.0,0.01761120112273537,0.6950090899897727
1976,-2.600000000000005,0.6626185361035978,6.0,-0.021944453060456493,0.6406740830431413
1977,-2.575000000000005,0.6497038490674403,6.0,0.04481216747753231,0.6945160165449726
1978,-2.550000000000005,0.6387202475452656,6.0,0.008423191718886034,0.6471434392641516
1979,-2.525000000000005,0.6296559940822325,6.0,-0.0886842995867925,0.54097169449544
1980,-2.5000000000000053,0.6224385243727023,6.0,0.1017944097872547,0.724232934159957
1981,-2.4750000000000054,0.6169553531858093,6.0,0.004403051190603669,0.621358404376413
1982,-2.450000000000005,0.6130748205302329,6.0,0.005625063301224794,0.6186998838314577
1983,-2.4250000000000056,0.6106642014435664,6.0,-0.0015369792164156755,0.6091272222271507
1984,-2.4000000000000057,0.6096039624561845,6.0,0.06344183672755235,0.6730457991837369
1985,-2.3750000000000058,0.6097975737935443,6.0,-0.05047692531833834,0.5593206484752059
1986,-2.350000000000006,0.6111761335265165,6.0,-0.04695254300242445,0.564223590524092
1987,-2.325000000000006,0.6136964647174911,6.0,0.08772106844297771,0.7014175331604687
1988,-2.300000000000006,0.6173308728453263,6.0,0.014126457583755235,0.6314573304290815
1989,-2.275000000000006,0.6220468858344514,6.0,-0.05774742998441081,0.5642994558500406
1990,-2.250000000000006,0.6277762864672705,6.0,-0.2535585150095651,0.37421777145770535
1991,-2.2250000000000063,0.6343745941497813,6.0,0.09992447076399427,0.7342990649137755
1992,-2.2000000000000064,0.6415746951385372,6.0,0.07967619645658695,0.7212508915951241
1993,-2.1750000000000065,0.6489411729528657,6.0,0.1275170436539847,0.7764582166068503
1994,-2.1500000000000066,0.6558342329125233,6.0,0.012757080897276458,0.6685913138097997
1995,-2.1250000000000067,0.6613924941898426,6.0,0.09202172127161719,0.7534142154614598
1996,-2.1000000000000068,0.6645405160529952,6.0,0.09818588623648095,0.7627264022894762
1997,-2.075000000000007,0.6640186076150774,6.0,-0.09975232235878213,0.5642662852562952
1998,-2.050000000000007,0.658420376611278,6.0,-0.05657365146502789,0.60184672514625
1999,-2.025000000000007,0.6462118891578768,6.0,0.01699615259254585,0.6632080417504226
2000,-2.000000000000007,0.6257021146303374,6.0,-0.013608035105154211,0.6120940795251832
2001,-1.9750000000000072,0.594946757168904,6.0,0.13407266846925797,0.7290194256381619
2002,-1.9500000000000075,0.5516141672419003,6.0,0.10999592280952071,0.661610090051421
2003,-1.9250000000000076,0.4929692938112804,6.0,-0.07139982688211083,0.4215694669291696
2004,-1.9000000000000077,0.4164455622142792,6.0,-0.05641664379927128,0.36002891841500795
2005,-1.8750000000000075,0.3218512016750117,6.0,-0.10123826054264376,0.22061294113236793
2006,-1.850000000000008,0.2162920529031561,6.0,0.0697853553471928,0.2860774082503489
2007,-1.825000000000008,0.1186364054226302,6.0,-0.08160071023257182,0.03703569519005838
2008,-1.8000000000000078,0.0511449970212527,6.0,0.028957662500675066,0.08010265952192777
2009,-1.775000000000008,0.0183424640498841,6.0,-0.1735117544740642,-0.1551692904241801
2010,-1.750000000000008,0.006388135912882,6.0,0.08012380729439303,0.08651194320727502
2011,-1.725000000000008,0.0024322658080552,6.0,-0.08471894800243386,-0.08228668219437867
2012,-1.7000000000000082,0.0009917611043399,6.0,0.0917024772615899,0.0926942383659298
2013,-1.6750000000000085,0.0003685263581453,6.0,0.03968697163499353,0.04005549799313883
2014,-1.6500000000000083,7.504338434230498e-05,6.0,-0.06219832041417086,-0.062123277029828554
2015,-1.6250000000000084,0.0,6.0,0.07344645075780186,0.07344645075780186
2016,-1.6000000000000083,0.0002430834685145,6.0,-0.1250283348863449,-0.12478525141783041
2017,-1.5750000000000086,0.0012456849440003,6.0,0.15350134413137007,0.15474702907537036
2018,-1.5500000000000087,0.004548275746146,6.0,-0.21313421036446442,-0.20858593461831842
2019,-1.5250000000000088,0.0158957678730601,6.0,0.1260360460177073,0.1419318138907674
2020,-1.5000000000000089,0.0514821100675558,6.0,0.06349089754772011,0.1149730076152759
2021,-1.475000000000009,0.1245511762935729,6.0,0.07914641707672954,0.20369759337030244
2022,-1.450000000000009,0.2066092039698762,6.0,-0.11267695305363014,0.09393225091624606
2023,-1.4250000000000091,0.2590263697326198,6.0,0.10678917072284332,0.3658155404554631
2024,-1.4000000000000092,0.2767602412805922,6.0,-0.25295602262308925,0.02380421865750293
2025,-1.375000000000009,0.2737704373444586,6.0,-0.3168607701778719,-0.04309033283341329
2026,-1.3500000000000094,0.2657505090068501,6.0,-0.021160313028402614,0.2445901959784475
2027,-1.3250000000000095,0.2651763768365687,6.0,-0.047851264113703794,0.2173251127228649
2028,-1.3000000000000096,0.2809541305667748,6.0,-0.12083560821304207,0.16011852235373275
2029,-1.2750000000000097,0.3180788876451191,6.0,-0.14760082351919576,0.17047806412592334
2030,-1.2500000000000098,0.3721806440704326,6.0,-0.14277314253472906,0.22940750153570355
2031,-1.22500000000001,0.4279788672341861,6.0,0.15779340390606436,0.5857722711402504
2032,-1.20000000000001,0.4756242165320673,6.0,0.13121117601476795,0.6068353925468353
2033,-1.17500000000001,0.5162025110585478,6.0,-0.10277124786219574,0.41343126319635204
2034,-1.15000000000001,0.5506217642600993,6.0,0.02493703736472554,0.5755588016248249
2035,-1.1250000000000102,0.5775316111056904,6.0,-0.11298857557245068,0.4645430355332397
2036,-1.1000000000000103,0.5966421025513671,6.0,-0.1417975849405742,0.45484451761079286
2037,-1.0750000000000104,0.6092374099024994,6.0,0.2571322342504136,0.866369644152913
2038,-1.0500000000000105,0.6170589663676262,6.0,-0.006817364261457404,0.6102416021061688
2039,-1.0250000000000106,0.6215975393462967,6.0,0.06502294300224486,0.6866204823485416
2040,-1.0000000000000109,0.6239575350728979,6.0,0.07714599692353426,0.7011035319964322
2041,-0.9750000000000107,0.6249298470918083,6.0,0.19411721333448517,0.8190470604262935
2042,-0.9500000000000108,0.6250755511879676,6.0,0.09629235473531014,0.7213679059232778
2043,-0.9250000000000108,0.6247763094196958,6.0,0.2245423360066267,0.8493186454263224
2044,-0.900000000000011,0.6242620296177962,6.0,-0.028839341657216775,0.5954226879605794
2045,-0.8750000000000111,0.6236371645277861,6.0,-0.1801194167213182,0.44351774780646785
2046,-0.8500000000000112,0.6229249186783943,6.0,0.073999852636282,0.6969247713146762
2047,-0.8250000000000113,0.6221399442214088,6.0,-0.2686746763985292,0.3534652678228796
2048,-0.8000000000000114,0.6213809350142815,6.0,-0.052167911758576574,0.5692130232557049
2049,-0.7750000000000115,0.6208962252646422,6.0,0.08386088858123666,0.7047571138458788
2050,-0.7500000000000115,0.6210106326515836,6.0,0.05894596176706371,0.6799565944186473
2051,-0.7250000000000116,0.6217241324931254,6.0,-0.31025505487836813,0.3114690776147573
2052,-0.7000000000000117,0.6217886560584125,6.0,-0.12790218769429645,0.49388646836411604
2053,-0.6750000000000118,0.6173816064028897,6.0,-0.030215455546657263,0.5871661508562325
2054,-0.6500000000000119,0.6015230021649381,6.0,-0.034297643060926676,0.5672253591040115
2055,-0.625000000000012,0.5671573416783633,6.0,0.1285098831661228,0.6956672248444861
2056,-0.6000000000000121,0.516934162605982,6.0,-0.09951630222080013,0.4174178603851819
2057,-0.5750000000000122,0.4734906002975706,6.0,-0.10984571842244516,0.36364488187512545
2058,-0.5500000000000123,0.4715689594032665,6.0,0.05113378678035503,0.5227027461836216
2059,-0.5250000000000123,0.529724481838996,6.0,0.07054745101191193,0.600271932850908
2060,-0.5000000000000124,0.6064756680119434,6.0,0.20563929471062703,0.8121149627225704
2061,-0.4750000000000125,0.6389522653958823,6.0,4.7776954850993515e-06,0.6389570430913675
2062,-0.4500000000000126,0.627311655860258,6.0,0.12406524517140273,0.7513769010316608
2063,-0.4250000000000127,0.5899294167396755,6.0,-0.014764325168473744,0.5751650915712018
2064,-0.4000000000000128,0.5425573269296784,6.0,-0.13218194155176333,0.41037538537791507
2065,-0.3750000000000129,0.4998342625058235,6.0,-0.06019246131458371,0.4396418011912398
2066,-0.3500000000000129,0.4673903301561094,6.0,-0.2444275434490769,0.2229627867070325
2067,-0.325000000000013,0.4438674703271716,6.0,-0.18244048785476932,0.26142698247240226
2068,-0.3000000000000131,0.4264561636908079,6.0,0.16884510182701784,0.5953012655178258
2069,-0.2750000000000132,0.4128306615751178,6.0,-0.18140244530627656,0.23142821626884122
2070,-0.2500000000000133,0.4013453940061306,6.0,0.025638794107705188,0.4269841881138358
2071,-0.2250000000000134,0.3911908295961794,6.0,0.2250762646324834,0.6162670942286628
2072,-0.2000000000000135,0.3829059790966065,6.0,0.08673670926851174,0.46964268836511824
2073,-0.1750000000000136,0.378437557853078,6.0,-0.026182039664613976,0.352255518188464
2074,-0.1500000000000136,0.3788350463189938,6.0,0.006793002168110769,0.3856280484871046
2075,-0.1250000000000137,0.3810695476235268,6.0,0.1360847887074141,0.5171543363309409
2076,-0.1000000000000138,0.3796901324344461,6.0,-0.08017689654314059,0.2995132358913055
2077,-0.0750000000000139,0.3735296250433499,6.0,0.0912227541743966,0.4647523792177465
2078,-0.050000000000014,0.3697944913361058,6.0,-0.011719453661666756,0.35807503767443905
2079,-0.0250000000000141,0.3770184121832189,6.0,-0.2950146914181472,0.08200372076507173
2080,-1.4210854715202004e-14,0.3930588092130476,6.0,-0.11474375342000935,0.2783150557930382
2081,0.0249999999999861,0.4084284597917693,6.0,-0.19940195947390396,0.20902650031786532
2082,0.0499999999999856,0.4171317249677942,6.0,0.03505164872741832,0.45218337369521255
2083,0.074999999999985,0.4179872251885269,6.0,-0.21862476520724927,0.1993624599812776
2084,0.0999999999999854,0.4120383117055319,6.0,0.03695706828759865,0.44899537999313055
2085,0.1249999999999857,0.4010756465099118,6.0,0.16830614656643608,0.5693817930763478
2086,0.1499999999999852,0.3870360533405311,6.0,-0.03580387501743775,0.35123217832309334
2087,0.1749999999999847,0.3717390472462282,6.0,0.01848648381490936,0.39022553106113755
2088,0.199999999999985,0.3567201803898035,6.0,-0.17814908885462297,0.17857109153518055
2089,0.2249999999999854,0.3430964583644536,6.0,0.06775531501028537,0.410851773374739
2090,0.2499999999999849,0.3315086268150025,6.0,0.11935865075008369,0.45086727756508616
2091,0.2749999999999843,0.3221707033857389,6.0,-0.08300092848950463,0.23916977489623426
2092,0.2999999999999847,0.314991356660292,6.0,0.18363711598621146,0.49862847264650345
2093,0.3249999999999851,0.3097070433334398,6.0,-0.047414153945290215,0.2622928893881496
2094,0.3499999999999845,0.3059873499719424,6.0,-0.039482095279810836,0.26650525469213154
2095,0.374999999999984,0.3035019443380009,6.0,-0.13739453486592954,0.16610740947207134
2096,0.3999999999999843,0.3019553373133043,6.0,0.24628997850710507,0.5482453158204094
2097,0.4249999999999847,0.3011002277620549,6.0,0.03701816130461625,0.3381183890666712
2098,0.4499999999999842,0.3007387131856281,6.0,0.06274366492535172,0.36348237811097983
2099,0.4749999999999836,0.3007176384794682,6.0,-0.014987929153645859,0.2857297093258223
2100,0.499999999999984,0.3009217580602029,6.0,-0.13726806240031492,0.16365369565988797
2101,0.5249999999999844,0.3012666339215086,6.0,-0.32686418473569195,-0.025597550814183356
2102,0.5499999999999838,0.3016921538280289,6.0,-0.03317913364872207,0.26851302017930684
2103,0.5749999999999833,0.3021569922126876,6.0,-0.011949272762044213,0.2902077194506434
2104,0.5999999999999837,0.3026340567895391,6.0,-0.07688622139233799,0.2257478353972011
2105,0.624999999999984,0.3031068388181465,6.0,-0.0026358364471648485,0.3004710023709816
2106,0.6499999999999835,0.3035665395137971,6.0,0.04367891956815059,0.3472454590819477
2107,0.674999999999983,0.3040098383320254,6.0,-0.11821739734931241,0.18579244098271297
2108,0.6999999999999833,0.304437179391905,6.0,-0.053488821210556946,0.2509483581813481
2109,0.7249999999999837,0.3048514693717359,6.0,-0.10438743974898407,0.20046402962275184
2110,0.7499999999999831,0.3052570985522832,6.0,-0.07258569102337266,0.23267140752891058
2111,0.7749999999999826,0.3056592138349268,6.0,-0.09789017800411769,0.20776903583080908
2112,0.799999999999983,0.3060631874823635,6.0,-0.10270074024913477,0.20336244723322872
2113,0.8249999999999833,0.3064742377049694,6.0,0.035615760826089554,0.3420899985310589
2114,0.8499999999999828,0.3068971671147078,6.0,0.0032490499711014787,0.3101462170858093
2115,0.8749999999999822,0.3073361927538633,6.0,-0.06256549585985838,0.24477069689400494
2116,0.8999999999999826,0.3077948472298702,6.0,-0.166674244957355,0.14112060227251522
2117,0.924999999999983,0.3082759348245616,6.0,0.001605860859103983,0.3098817956836656
2118,0.9499999999999824,0.3087815296516707,6.0,-0.1679915999436345,0.14078992970803622
2119,0.974999999999982,0.309313005321066,6.0,-0.005371753542013701,0.3039412517790523
2120,0.9999999999999822,0.3098710873855715,6.0,0.016191808011232534,0.32606289539680405
2121,1.0249999999999826,0.3104559212892029,6.0,0.1656254653229445,0.4760813866121474
2122,1.049999999999982,0.3110671497404075,6.0,-0.11551698534243748,0.19555016439797002
2123,1.0749999999999815,0.3117039944877383,6.0,0.011431552456902317,0.3231355469446406
2124,1.099999999999982,0.3123653384276517,6.0,0.08921333577901187,0.40157867420666354
2125,1.1249999999999822,0.3130498048465561,6.0,0.17201136710437714,0.48506117195093323
2126,1.1499999999999817,0.313755831396441,6.0,0.06214574077045227,0.37590157216689324
2127,1.1749999999999812,0.3144817371209183,6.0,0.3190563254627772,0.6335380625836955
2128,1.1999999999999815,0.3152257814789247,6.0,0.0005293592018861834,0.3157551406808109
2129,1.224999999999982,0.3159862148504377,6.0,-0.003133821441456417,0.3128523934089813
2130,1.2499999999999811,0.3167613204496923,6.0,0.04318522448265811,0.3599465449323504
2131,1.2749999999999808,0.3175494479178726,6.0,0.06012908495775474,0.37767853287562736
2132,1.2999999999999812,0.3183490391245969,6.0,0.07679688420905839,0.3951459233336553
2133,1.3249999999999815,0.3191586468843536,6.0,0.2658667144314223,0.5850253613157759
2134,1.349999999999981,0.3199769474010882,6.0,0.10165274577825281,0.42162969317934096
2135,1.3749999999999805,0.3208027473032863,6.0,0.005845740251204882,0.32664848755449116
2136,1.3999999999999808,0.3216349861349828,6.0,0.0021678031321283675,0.3238027892671112
2137,1.4249999999999812,0.322472735136499,6.0,-0.06858424250524603,0.25388849263125296
2138,1.4499999999999806,0.3233151930924747,6.0,-0.021234066760778922,0.30208112633169576
2139,1.47499999999998,0.3241616799525817,6.0,-0.2325490388703024,0.09161264108227932
2140,1.4999999999999805,0.3250116288494242,6.0,0.028799138784491165,0.35381076763391534
2141,1.5249999999999808,0.325864577054043,6.0,0.14111823018836694,0.4669828072424099
2142,1.5499999999999805,0.3267201563264871,6.0,0.07169508512587913,0.39841524145236623
2143,1.5749999999999795,0.3275780830399917,6.0,-0.12872773439236548,0.1988503486476262
2144,1.59999999999998,0.3284381483844787,6.0,0.006853244557621501,0.3352913929421002
2145,1.6249999999999805,0.3293002088893916,6.0,0.036325391075904497,0.3656255999652961
2146,1.64999999999998,0.3301641774479111,6.0,0.1357290714816496,0.4658932489295607
2147,1.6749999999999794,0.3310300149743612,6.0,-0.13791671758454738,0.1931132973898138
2148,1.6999999999999795,0.3318977227837682,6.0,-0.12419330028674165,0.2077044224970266
2149,1.72499999999998,0.332767335746685,6.0,0.018918700938336138,0.35168603668502113
2150,1.7499999999999796,0.3336389162428124,6.0,0.02133710039324593,0.3549760166360583
2151,1.774999999999979,0.3345125489129913,6.0,-0.13062944153753503,0.20388310737545629
2152,1.7999999999999794,0.3353883361901537,6.0,0.1333340092434582,0.4687223454336119
2153,1.82499999999998,0.3362663945750539,6.0,-0.1219338846699446,0.21433250990510933
2154,1.8499999999999792,0.3371468516115481,6.0,-0.029871353758592477,0.30727549785295566
2155,1.874999999999979,0.3380298435081643,6.0,0.18206811702139325,0.5200979605295575
2156,1.899999999999979,0.3389155133473479,6.0,0.1847669356688817,0.5236824490162295
2157,1.9249999999999796,0.3398040098205027,6.0,0.06900511079912598,0.40880912061962865
2158,1.9499999999999789,0.3406954864254987,6.0,0.007641527965650961,0.34833701439114967
2159,1.9749999999999783,0.3415901010633311,6.0,0.22470044324992428,0.5662905443132553
2160,1.999999999999979,0.3424880159717908,6.0,0.08589050619225884,0.42837852216404965
2161,2.024999999999979,0.3433893979361266,6.0,-0.10201665366408005,0.24137274427204655
2162,2.0499999999999785,0.3442944187195803,6.0,-0.15251135461893472,0.19178306410064555
2163,2.074999999999978,0.3452032556600895,6.0,0.07488483831300409,0.4200880939730936
2164,2.0999999999999783,0.3461160923833898,6.0,0.1599180369579962,0.506034129341386
2165,2.1249999999999787,0.347033119586883,6.0,-0.03072845120688093,0.31630466838000204
2166,2.149999999999978,0.3479545358530804,6.0,0.11653938208491223,0.4644939179379926
2167,2.1749999999999776,0.3488805484558925,6.0,0.20892063102882572,0.5578011794847182
2168,2.199999999999978,0.3498113741275951,6.0,0.06707198507532058,0.4168833592029157
2169,2.2249999999999783,0.3507472397587719,6.0,-0.023422352127868997,0.32732488763090295
2170,2.249999999999978,0.3516883830079278,6.0,-0.21952878523832703,0.1321595977696008
2171,2.2749999999999773,0.3526350528017073,6.0,0.010067410603116373,0.3627024634048237
2172,2.2999999999999776,0.3535875097106747,6.0,-0.0027091769005229663,0.35087833281015174
2173,2.324999999999978,0.3545460261894425,6.0,-0.03196793602623006,0.3225780901632124
2174,2.349999999999977,0.3555108866734662,6.0,0.128861152880692,0.4843720395541582
2175,2.374999999999977,0.3564823875280891,6.0,-0.0790054905288607,0.2774768969992284
2176,2.3999999999999773,0.357460836848388,6.0,-0.10102557771083558,0.2564352591375524
2177,2.4249999999999776,0.3584465541110231,6.0,-0.09025356347607262,0.2681929906349505
2178,2.449999999999977,0.3594398696816431,6.0,-0.06823217708631088,0.2912076925953322
2179,2.474999999999977,0.3604411241834058,6.0,-0.04591850893374425,0.3145226152496615
2180,2.499999999999977,0.3614506677339305,6.0,-0.017478848408138296,0.3439718193257922
2181,2.5249999999999773,0.3624688590593787,6.0,0.1407025694653793,0.5031714285247579
2182,2.5499999999999767,0.3634960644955431,6.0,0.18491072471625716,0.5484067892118003
2183,2.574999999999976,0.3645326568866601,6.0,0.03410599003459679,0.3986386469212569
2184,2.599999999999977,0.3655790143933177,6.0,-0.11422296783097648,0.25135604656234123
2185,2.624999999999977,0.366635519221194,6.0,0.07946661694903549,0.4461021361702295
2186,2.6499999999999764,0.3677025562825821,6.0,-0.053183527962377866,0.31451902832020423
2187,2.674999999999976,0.3687805118026433,6.0,0.022193655938753238,0.39097416774139654
2188,2.699999999999976,0.3698697718821936,6.0,-0.22784484605561212,0.1420249258265815
2189,2.724999999999977,0.3709707210285188,6.0,-0.1036778776560229,0.2672928433724959
2190,2.749999999999976,0.3720837406653378,6.0,0.09160035262429769,0.46368409328963545
2191,2.7749999999999755,0.3732092076325137,6.0,0.018864318290864285,0.39207352592337796
2192,2.799999999999976,0.3743474926855515,6.0,0.0839759365535263,0.4583234292390778
2193,2.824999999999976,0.3754989590043037,6.0,0.13144325877060883,0.5069422177749126
2194,2.849999999999976,0.3766639607196245,6.0,-0.26122187300480354,0.11544208771482095
2195,2.874999999999975,0.3778428414660655,6.0,0.040313685979155925,0.4181565274452214
2196,2.8999999999999755,0.3790359329679707,6.0,0.04341938496209992,0.42245531793007063
2197,2.924999999999976,0.3802435536656774,6.0,0.1904405534220409,0.5706841070877183
2198,2.9499999999999758,0.3814660073878427,6.0,0.10239391207998569,0.48385991946782836
2199,2.9749999999999748,0.3827035820752574,6.0,-0.013217452247112583,0.3694861298281448
2200,2.999999999999975,0.3839565485608917,6.0,0.14707437359275913,0.5310309221536508
2201,3.0249999999999755,0.3852251594103282,6.0,-0.10936469825110395,0.27586046115922425
2202,3.049999999999975,0.386509647826174,6.0,-0.0006472603930627171,0.38586238743311124
2203,3.0749999999999744,0.3878102266195419,6.0,0.19236448003122317,0.5801747066507651
2204,3.0999999999999748,0.3891270872511915,6.0,0.0014206872035589855,0.3905477744547505
2205,3.124999999999975,0.3904603989445188,6.0,0.030103034155595086,0.42056343310011385
2206,3.1499999999999746,0.3918103078721497,6.0,-0.01801693122419777,0.3737933766479519
2207,3.174999999999974,0.3931769364175557,6.0,-0.08911266903277514,0.30406426738478054
2208,3.1999999999999744,0.3945603825127819,6.0,-0.03785758530779956,0.3567027972049823
2209,3.2249999999999748,0.395960719053075,6.0,-0.011582798747739433,0.3843779203053356
2210,3.2499999999999742,0.3973779933889497,6.0,-0.24518148333263243,0.15219651005631726
2211,3.2749999999999737,0.3988122268959841,6.0,0.05084136479848674,0.44965359169447083
2212,3.299999999999974,0.4002634146224279,6.0,-0.032071553407815014,0.3681918612146129
2213,3.3249999999999744,0.401731525014509,6.0,-0.17404424686698905,0.22768727814751993
2214,3.349999999999974,0.4032164997191486,6.0,-0.01964798787904417,0.38356851184010443
2215,3.3749999999999734,0.4047182534636304,6.0,-0.13617628859509098,0.26854196486853943
2216,3.3999999999999737,0.4062366740116114,6.0,-0.03829632412463043,0.367940349886981
2217,3.424999999999974,0.4077716221947084,6.0,-0.2875498150358,0.1202218071589084
2218,3.449999999999973,0.4093229320187782,6.0,-0.0430397943539612,0.36628313766481696
2219,3.474999999999973,0.410890410843813,6.0,0.10934683599564737,0.5202372468394604
2220,3.4999999999999734,0.4124738396363099,6.0,0.05789695975555812,0.47037079939186804
2221,3.5249999999999737,0.4140729732927447,6.0,-0.19107147508674904,0.22300149820599563
2222,3.549999999999973,0.4156875410327085,6.0,0.005245928984747255,0.42093347001745574
2223,3.5749999999999726,0.4173172468600767,6.0,0.06035863564915567,0.4776758825092324
2224,3.599999999999973,0.4189617700904385,6.0,-0.05111661027334502,0.3678451598170935
2225,3.624999999999973,0.4206207659428694,6.0,0.07756438304756497,0.49818514899043437
2226,3.649999999999973,0.4222938661939528,6.0,0.10827495607950373,0.5305688222734566
2227,3.674999999999972,0.4239806798918124,6.0,-0.011324336116134492,0.4126563437756779
2228,3.6999999999999726,0.4256807941277356,6.0,0.12332479714149447,0.54900559126923
2229,3.724999999999973,0.4273937748628209,6.0,0.40457153669371937,0.8319653115565402
2230,3.749999999999973,0.4291191678068886,6.0,-0.09063278093947728,0.3384863868674113
2231,3.774999999999972,0.4308564993467683,6.0,0.031953851941498496,0.46281035128826675
2232,3.799999999999972,0.4326052775208635,6.0,-0.04778146138488278,0.3848238161359807
2233,3.8249999999999726,0.4343649930367835,6.0,0.13095782050577134,0.5653228135425549
2234,3.849999999999972,0.4361351203286551,6.0,-0.04522269373464572,0.3909124265940094
2235,3.874999999999972,0.437915118650576,6.0,0.005727126087862233,0.4436422447384382
2236,3.899999999999972,0.4397044332025659,6.0,-0.13181700135657856,0.3078874318459873
2237,3.924999999999972,0.44150249628522,6.0,-0.002874328192129126,0.43862816809309085
2238,3.949999999999972,0.4433087284791795,6.0,0.15656610742015672,0.5998748358993362
2239,3.9749999999999712,0.4451225398454314,6.0,0.0840653204029362,0.5291878602483676
2240,-4.0,0.821148242991995,7.0,0.03684805648828457,0.8579962994802796
2241,-3.975,0.8210744485560064,7.0,0.05628055552121229,0.8773550040772187
2242,-3.95,0.820997200662301,7.0,-0.050250181962137236,0.7707470187001637
2243,-3.925,0.8209164910119874,7.0,0.008957981460517163,0.8298744724725046
2244,-3.9,0.8208323154904761,7.0,0.21108534362825762,1.0319176591187338
2245,-3.875,0.8207446746780146,7.0,0.08050211828379637,0.901246792961811
2246,-3.850000000000001,0.8206535743994775,7.0,-0.00406196803783196,0.8165916063616455
2247,-3.8250000000000006,0.8205590263155502,7.0,-0.06429829499573006,0.7562607313198202
2248,-3.8000000000000007,0.8204610485574957,7.0,0.010764261503272811,0.8312253100607685
2249,-3.775000000000001,0.8203596664077466,7.0,-0.1351843984635672,0.6851752679441794
2250,-3.750000000000001,0.8202549130286192,7.0,-0.11056815001248148,0.7096867630161378
2251,-3.725000000000001,0.8201468302414744,7.0,-0.048281274403077445,0.7718655558383969
2252,-3.700000000000001,0.8200354693587155,7.0,0.010946189991506882,0.8309816593502224
2253,-3.675000000000001,0.8199208920710245,7.0,0.24196248768557618,1.0618833797566007
2254,-3.650000000000001,0.8198031713922883,7.0,-0.05713067044022746,0.7626725009520609
2255,-3.625000000000001,0.8196823926646937,7.0,-0.020810601536973228,0.7988717911277204
2256,-3.6000000000000014,0.8195586546264908,7.0,-0.10248683814125743,0.7170718164852333
2257,-3.575000000000001,0.8194320705449801,7.0,0.03294783038357659,0.8523799009285568
2258,-3.5500000000000016,0.8193027694172714,7.0,0.008103120534771921,0.8274058899520433
2259,-3.5250000000000017,0.819170897241445,7.0,-0.10792946344304942,0.7112414337983956
2260,-3.5000000000000018,0.8190366183607698,7.0,-0.009943569972387798,0.809093048388382
2261,-3.475000000000002,0.8189001168836899,7.0,-0.038920945792809344,0.7799791710908806
2262,-3.450000000000002,0.8187615981824063,7.0,-0.07834246328083698,0.7404191349015694
2263,-3.425000000000002,0.8186212904729441,7.0,-0.03871305013646513,0.779908240336479
2264,-3.400000000000002,0.8184794464797798,7.0,-0.030349442389991453,0.7881300040897883
2265,-3.375000000000002,0.8183363451882633,7.0,0.07851352449114642,0.8968498696794097
2266,-3.3500000000000023,0.8181922936883177,7.0,0.09170317271010402,0.9098954663984217
2267,-3.3250000000000024,0.8180476291132041,7.0,0.051526384574124555,0.8695740136873286
2268,-3.3000000000000025,0.8179027206775061,7.0,-0.016164420142727242,0.8017383005347789
2269,-3.2750000000000026,0.8177579718189684,7.0,-0.013416338949412942,0.8043416328695554
2270,-3.2500000000000027,0.8176138224493849,7.0,0.10646197782542641,0.9240758002748113
2271,-3.2250000000000028,0.8174707513203843,7.0,0.14736876728562107,0.9648395186060054
2272,-3.200000000000003,0.8173292785107956,7.0,-0.08004637152811643,0.7372829069826792
2273,-3.175000000000003,0.8171899680431355,7.0,-0.054460373261941086,0.7627295947811944
2274,-3.150000000000003,0.8170534306378266,7.0,0.1852168663750889,1.0022702970129156
2275,-3.125000000000003,0.8169203266148586,7.0,-0.02978323638199877,0.7871370902328598
2276,-3.100000000000003,0.8167913689538204,7.0,0.020549141384820793,0.8373405103386412
2277,-3.0750000000000037,0.8166673265244422,7.0,-0.055611886118279504,0.7610554404061627
2278,-3.050000000000004,0.8165490275009616,7.0,-0.15843195840132418,0.6581170690996374
2279,-3.0250000000000035,0.8164373629746303,7.0,0.17140429240497476,0.9878416553796051
2280,-3.000000000000004,0.8163332907793281,7.0,0.011360200213123285,0.8276934909924515
2281,-2.975000000000004,0.8162378395453709,7.0,0.1688283539080843,0.9850661934534551
2282,-2.950000000000004,0.8161521129958207,7.0,0.16734825152710275,0.9835003645229234
2283,-2.925000000000004,0.8160772944975565,7.0,0.011626439004374886,0.8277037335019314
2284,-2.900000000000004,0.8160146518754745,7.0,0.1375580495418754,0.9535727014173498
2285,-2.875000000000004,0.8159655424917641,7.0,0.07977647769102238,0.8957420201827865
2286,-2.850000000000004,0.8159314185823289,7.0,0.051900010147048516,0.8678314287293774
2287,-2.825000000000004,0.8159138328279167,7.0,0.038723743826840525,0.8546375766547573
2288,-2.8000000000000043,0.8159144441169646,7.0,0.04603665198358263,0.8619510961005472
2289,-2.7750000000000044,0.8159350234287226,7.0,-0.008814387687241252,0.8071206357414813
2290,-2.7500000000000044,0.8159774597266212,7.0,-0.0018664878204203794,0.8141109719062007
2291,-2.7250000000000045,0.8160437657004884,7.0,0.09394710806485593,0.9099908737653444
2292,-2.7000000000000046,0.8161360831286892,7.0,0.027390562656230456,0.8435266457849196
2293,-2.6750000000000047,0.8162566875438884,7.0,-0.12252332922064585,0.6937333583232426
2294,-2.650000000000005,0.8164079917742686,7.0,0.20106835092313907,1.0174763426974076
2295,-2.625000000000005,0.8165925477907635,7.0,-0.08115236222897512,0.7354401855617884
2296,-2.600000000000005,0.8168130461144087,7.0,-0.2595883630695172,0.5572246830448915
2297,-2.575000000000005,0.8170723118203614,7.0,-0.0768555219373244,0.7402167898830371
2298,-2.550000000000005,0.8173732959102817,7.0,0.03572284350038226,0.853096139410664
2299,-2.525000000000005,0.8177190605068616,7.0,0.07752668840592274,0.8952457489127843
2300,-2.5000000000000053,0.8181127559485227,7.0,0.09696230424117407,0.9150750601896968
2301,-2.4750000000000054,0.8185575874259102,7.0,-0.08111855927634577,0.7374390281495644
2302,-2.450000000000005,0.8190567683051427,7.0,-0.3593327381423919,0.4597240301627508
2303,-2.4250000000000056,0.8196134567311278,7.0,-0.0038792057453386143,0.8157342509857892
2304,-2.4000000000000057,0.8202306715094112,7.0,-0.09027556389619781,0.7299551076132134
2305,-2.3750000000000058,0.8209111826475468,7.0,-0.04383400794178,0.7770771747057668
2306,-2.350000000000006,0.8216573713276161,7.0,0.12539592980170414,0.9470533011293202
2307,-2.325000000000006,0.8224710535225227,7.0,0.1819309839817956,1.0044020375043183
2308,-2.300000000000006,0.8233532610127772,7.0,0.09421233139758486,0.9175655924103621
2309,-2.275000000000006,0.8243039732677145,7.0,0.14179731422987374,0.9661012874975883
2310,-2.250000000000006,0.8253217935843524,7.0,0.08799808751115165,0.9133198810955041
2311,-2.2250000000000063,0.8264035630723975,7.0,0.05235125465785796,0.8787548177302554
2312,-2.2000000000000064,0.8275439065415297,7.0,0.06089366069014454,0.8884375672316742
2313,-2.1750000000000065,0.8287347050245206,7.0,0.19059172429707433,1.019326429321595
2314,-2.1500000000000066,0.8299644903859572,7.0,0.25071268598597346,1.0806771763719307
2315,-2.1250000000000067,0.8312177578966625,7.0,-0.03456664269223255,0.79665111520443
2316,-2.1000000000000068,0.8324741922783763,7.0,-0.0761447765901122,0.7563294156882641
2317,-2.075000000000007,0.8337078008003215,7.0,0.06684952413505396,0.9005573249353754
2318,-2.050000000000007,0.8348859425856894,7.0,0.05244772404060745,0.8873336666262969
2319,-2.025000000000007,0.835968235269396,7.0,0.012177770965439504,0.8481460062348355
2320,-2.000000000000007,0.8369053074788433,7.0,-0.010733043455609879,0.8261722640232334
2321,-1.9750000000000072,0.8376373475828098,7.0,0.02552888802027364,0.8631662356030835
2322,-1.9500000000000075,0.8380923759854149,7.0,0.06996627265218176,0.9080586486375967
2323,-1.9250000000000076,0.8381841420382463,7.0,0.027560305107059677,0.865744447145306
2324,-1.9000000000000077,0.837809523106679,7.0,0.07204268617239425,0.9098522092790733
2325,-1.8750000000000075,0.8368452948015902,7.0,-0.030844296932958107,0.8060009978686321
2326,-1.850000000000008,0.835144172249996,7.0,0.013407305183295432,0.8485514774332915
2327,-1.825000000000008,0.8325301379662556,7.0,-0.07880587715069053,0.7537242608155651
2328,-1.8000000000000078,0.8287933523042622,7.0,-0.13420829688528033,0.6945850554189819
2329,-1.775000000000008,0.8236855165636486,7.0,-0.1963031733431324,0.6273823432205162
2330,-1.750000000000008,0.816917603928841,7.0,0.04466554358613597,0.861583147514977
2331,-1.725000000000008,0.8081635494842604,7.0,0.05192741423716,0.8600909637214204
2332,-1.7000000000000082,0.7970756958982871,7.0,0.05031617391971721,0.8473918698180043
2333,-1.6750000000000085,0.7833195687368274,7.0,-0.07966794902567728,0.7036516197111501
2334,-1.6500000000000083,0.766634130497312,7.0,-0.010437539803396421,0.7561965906939155
2335,-1.6250000000000084,0.7469139820635121,7.0,-0.2926206899538992,0.4542932921096129
2336,-1.6000000000000083,0.7242875359623668,7.0,-0.01654385974936904,0.7077436762129978
2337,-1.5750000000000086,0.6991353279045033,7.0,0.17644038690341768,0.875575714807921
2338,-1.5500000000000087,0.6719807944374184,7.0,-0.0076996643848767305,0.6642811300525417
2339,-1.5250000000000088,0.6432253683195954,7.0,-0.09894032441771729,0.5442850439018782
2340,-1.5000000000000089,0.6127847400834261,7.0,0.011169144709798995,0.6239538847932251
2341,-1.475000000000009,0.5797443211647311,7.0,-0.14366460009181012,0.4360797210729209
2342,-1.450000000000009,0.5421326805428532,7.0,0.026911232154873666,0.5690439126977269
2343,-1.4250000000000091,0.4968724042077299,7.0,-0.20434077206397516,0.2925316321437547
2344,-1.4000000000000092,0.4400690479458824,7.0,0.06566795629665914,0.5057370042425415
2345,-1.375000000000009,0.3681855995423658,7.0,0.04950106196215288,0.41768666150451866
2346,-1.3500000000000094,0.2811532490077246,7.0,-0.018513758704141615,0.26263949030358297
2347,-1.3250000000000095,0.1874384455886449,7.0,0.03630053062682851,0.2237389762154734
2348,-1.3000000000000096,0.1052085491631494,7.0,-0.08782030985007964,0.01738823931306975
2349,-1.2750000000000097,0.0503783170536728,7.0,-0.029762755901387883,0.02061556115228492
2350,-1.2500000000000098,0.0226502350568052,7.0,-0.004402906668466967,0.018247328388338233
2351,-1.22500000000001,0.0111096244888314,7.0,0.2011209362722044,0.2122305607610358
2352,-1.20000000000001,0.0067855321936614,7.0,0.0519563530223937,0.0587418852160551
2353,-1.17500000000001,0.0054579635655107,7.0,-0.0390435835561988,-0.033585619990688105
2354,-1.15000000000001,0.0055365561770619,7.0,-0.07283658958407845,-0.06730003340701654
2355,-1.1250000000000102,0.0064515456802151,7.0,0.08609274107438811,0.0925442867546032
2356,-1.1000000000000103,0.0079330207080416,7.0,-0.005207848156827524,0.002725172551214076
2357,-1.0750000000000104,0.0097176046865983,7.0,-0.12090028251064895,-0.11118267782405065
2358,-1.0500000000000105,0.0115638464997292,7.0,-0.13150088264888202,-0.11993703614915281
2359,-1.0250000000000106,0.0133781183287276,7.0,0.04009971231482216,0.05347783064354976
2360,-1.0000000000000109,0.0151844163933533,7.0,-0.24079367428933945,-0.22560925789598615
2361,-0.9750000000000107,0.0169275242394155,7.0,0.04976886597123289,0.06669639021064838
2362,-0.9500000000000108,0.0182687181938214,7.0,0.1102676743549873,0.1285363925488087
2363,-0.9250000000000108,0.0186093521831269,7.0,-0.04106445420434345,-0.02245510202121655
2364,-0.900000000000011,0.0175481863401526,7.0,0.1992487908512393,0.2167969771913919
2365,-0.8750000000000111,0.0154084888969496,7.0,-0.06153697796116961,-0.04612848906422001
2366,-0.8500000000000112,0.0130344909506952,7.0,-0.14317066916089008,-0.13013617821019488
2367,-0.8250000000000113,0.0110904519955224,7.0,-0.12981983823153306,-0.11872938623601066
2368,-0.8000000000000114,0.0097869908367145,7.0,0.007803428874522436,0.017590419711236937
2369,-0.7750000000000115,0.0090535398192078,7.0,-0.018824403424067153,-0.009770863604859353
2370,-0.7500000000000115,0.0087367872769298,7.0,0.2595911677927465,0.26832795506967627
2371,-0.7250000000000116,0.0086902791878319,7.0,0.14059808484946684,0.14928836403729875
2372,-0.7000000000000117,0.0087961651386401,7.0,-0.0024623563411385416,0.006333808797501558
2373,-0.6750000000000118,0.0089644868864964,7.0,-0.0007129560748234657,0.008251530811672934
2374,-0.6500000000000119,0.0091287284583842,7.0,0.03563473602127073,0.04476346447965493
2375,-0.625000000000012,0.0092419532053283,7.0,-0.05444845429073655,-0.04520650108540825
2376,-0.6000000000000121,0.0092736837534257,7.0,0.06858705273773433,0.07786073649116003
2377,-0.5750000000000122,0.0092072092346425,7.0,-0.05516986348615003,-0.04596265425150753
2378,-0.5500000000000123,0.009037172016415,7.0,0.0063399539389671095,0.015377125955382109
2379,-0.5250000000000123,0.0087673499774727,7.0,-0.165938944476348,-0.1571715944988753
2380,-0.5000000000000124,0.0084085393627811,7.0,-0.07457502933288102,-0.06616648997009991
2381,-0.4750000000000125,0.0079764636201465,7.0,0.2446896096443967,0.2526660732645432
2382,-0.4500000000000126,0.0074897069763087,7.0,0.02018438361988022,0.02767409059618892
2383,-0.4250000000000127,0.0069677598221499,7.0,0.07709814268606148,0.08406590250821137
2384,-0.4000000000000128,0.0064293185402654,7.0,0.001716452509760822,0.008145771050026222
2385,-0.3750000000000129,0.0058909794105803,7.0,0.07227940170456652,0.07817038111514682
2386,-0.3500000000000129,0.0053664099087454,7.0,-0.18267489060793796,-0.17730848069919256
2387,-0.325000000000013,0.0048659987125091,7.0,0.1816896378767279,0.186555636589237
2388,-0.3000000000000131,0.00439691063094,7.0,-0.16924666755213552,-0.16484975692119552
2389,-0.2750000000000132,0.0039634265625179,7.0,0.09529233518890409,0.09925576175142199
2390,-0.2500000000000133,0.0035674369340489,7.0,0.06505430459414518,0.06862174152819409
2391,-0.2250000000000134,0.0032089720318916,7.0,0.041215441714719574,0.04442441374661117
2392,-0.2000000000000135,0.0028866809646933,7.0,0.15688344943574792,0.15977013040044122
2393,-0.1750000000000136,0.0025982011821136,7.0,-0.07015156368480448,-0.06755336250269088
2394,-0.1500000000000136,0.0023403865132808,7.0,-0.0925130078448947,-0.0901726213316139
2395,-0.1250000000000137,0.0021093838017144,7.0,-0.07354753206963058,-0.07143814826791618
2396,-0.1000000000000138,0.0019005721333014,7.0,-0.03604079082809994,-0.03414021869479854
2397,-0.0750000000000139,0.0017084146990967,7.0,0.10507034783224296,0.10677876253133967
2398,-0.050000000000014,0.0015263346820313,7.0,0.025367670267972684,0.026894004950003984
2399,-0.0250000000000141,0.0013468229387001,7.0,0.051960828872326975,0.053307651811027076
2400,-1.4210854715202004e-14,0.0011621040546576,7.0,0.10537941450963866,0.10654151856429625
2401,0.0249999999999861,0.0009657539323016,7.0,-0.25476607636433324,-0.25380032243203166
2402,0.0499999999999856,0.0007554933985646,7.0,-0.12950343059710512,-0.12874793719854052
2403,0.074999999999985,0.0005367235727229,7.0,-0.12448148366289545,-0.12394476009017255
2404,0.0999999999999854,0.0003251981842761,7.0,-0.08601694142338356,-0.08569174323910747
2405,0.1249999999999857,0.0001463344236663,7.0,-0.037617562492248,-0.0374712280685817
2406,0.1499999999999852,2.9631349867043287e-05,7.0,-0.20532008406162083,-0.20529045271175378
2407,0.1749999999999847,0.0,7.0,-0.1011896790028451,-0.1011896790028451
2408,0.199999999999985,7.101218228746413e-05,7.0,0.13595700466982605,0.13602801685211352
2409,0.2249999999999854,0.0002450433202774,7.0,0.09346359387724898,0.09370863719752638
2410,0.2499999999999849,0.0005220244530928,7.0,-0.11478828791879957,-0.11426626346570677
2411,0.2749999999999843,0.0009136021003124,7.0,0.29461053913643814,0.2955241412367505
2412,0.2999999999999847,0.0014543580098268,7.0,-0.184769892788297,-0.1833155347784702
2413,0.3249999999999851,0.0022000970171776,7.0,-0.16069514780346342,-0.1584950507862858
2414,0.3499999999999845,0.0032183270809215,7.0,-0.050873756533370895,-0.0476554294524494
2415,0.374999999999984,0.004626509260925,7.0,-0.1363274847435754,-0.1317009754826504
2416,0.3999999999999843,0.0067785339530509,7.0,-0.07744129728531958,-0.07066276333226867
2417,0.4249999999999847,0.0107014968659755,7.0,0.00465523710181397,0.01535673396778947
2418,0.4499999999999842,0.0190684448429129,7.0,-0.057532400463926894,-0.038463955621014
2419,0.4749999999999836,0.038318152750067,7.0,-0.0731102306504929,-0.03479207790042589
2420,0.499999999999984,0.0812577050880129,7.0,-0.009092868602331753,0.07216483648568114
2421,0.5249999999999844,0.1637868915407792,7.0,-0.12557805281800768,0.038208838722771504
2422,0.5499999999999838,0.2889957169345542,7.0,0.14580322394271092,0.4347989408772651
2423,0.5749999999999833,0.4362664333845038,7.0,-0.06471616268971038,0.37155027069479346
2424,0.5999999999999837,0.5770396123749302,7.0,-0.21086115109050127,0.3661784612844289
2425,0.624999999999984,0.694468244261835,7.0,-0.08760300846190576,0.6068652357999292
2426,0.6499999999999835,0.7853644968854877,7.0,0.22389968833189244,1.00926418521738
2427,0.674999999999983,0.8533429307085421,7.0,0.17459286329735485,1.0279357940058969
2428,0.6999999999999833,0.9031656316547648,7.0,0.09964574802177413,1.002811379676539
2429,0.7249999999999837,0.9386033794354828,7.0,-0.10374503963513185,0.834858339800351
2430,0.7499999999999831,0.9625605911973136,7.0,-0.11351646942159878,0.8490441217757149
2431,0.7749999999999826,0.9776894061420736,7.0,-0.15053993689958153,0.827149469242492
2432,0.799999999999983,0.9866270748217972,7.0,0.045619183184080876,1.0322462580058782
2433,0.8249999999999833,0.991709582895989,7.0,-0.05837159422332058,0.9333379886726684
2434,0.8499999999999828,0.9946113025603012,7.0,-0.11957556205754574,0.8750357405027555
2435,0.8749999999999822,0.9963328487750192,7.0,0.008851110322034507,1.0051839590970537
2436,0.8999999999999826,0.997413428243303,7.0,-0.02170959546670487,0.9757038327765981
2437,0.924999999999983,0.9981335658750252,7.0,0.1610656099005777,1.1591991757756028
2438,0.9499999999999824,0.9986400730646812,7.0,0.182951034564057,1.1815911076287382
2439,0.974999999999982,0.9990118085104986,7.0,-0.12041811144742368,0.878593697063075
2440,0.9999999999999822,0.9992926460467328,7.0,-0.09549740824360682,0.903795237803126
2441,1.0249999999999826,0.9995079860583872,7.0,-0.06666412710895032,0.9328438589494369
2442,1.049999999999982,0.999673183422493,7.0,0.011379467940055508,1.0110526513625484
2443,1.0749999999999815,0.9997979728317808,7.0,0.03909835743281558,1.0388963302645964
2444,1.099999999999982,0.999888873468082,7.0,-0.09146033586514493,0.9084285376029371
2445,1.1249999999999822,0.9999505459302162,7.0,-0.1560026306809517,0.8439479152492645
2446,1.1499999999999817,0.9999865856774682,7.0,0.167590195992762,1.1675767816702303
2447,1.1749999999999812,0.9999999999999962,7.0,-0.039344502140961836,0.9606554978590344
2448,1.1999999999999815,0.9999935016347128,7.0,-0.17562322986318896,0.8243702717715238
2449,1.224999999999982,0.9999696949364874,7.0,0.1855561351026383,1.1855258300391256
2450,1.2499999999999811,0.99993119197733,7.0,-0.0036893238808404028,0.9962418680964896
2451,1.2749999999999808,0.999880659117025,7.0,0.05755606376959454,1.0574367228866195
2452,1.2999999999999812,0.9998207632910988,7.0,-0.04656647970189101,0.9532542835892078
2453,1.3249999999999815,0.9997539779932634,7.0,-0.2802677839989931,0.7194861939942703
2454,1.349999999999981,0.9996822315089622,7.0,0.105020490006734,1.1047027215156962
2455,1.3749999999999805,0.999606422779314,7.0,-0.21389960230462474,0.7857068204746893
2456,1.3999999999999808,0.9995258768485886,7.0,0.04225618795714821,1.0417820648057368
2457,1.4249999999999812,0.9994378859121764,7.0,-0.008679127716667836,0.9907587581955086
2458,1.4499999999999806,0.999337630436262,7.0,-0.207281587628167,0.7920560428080949
2459,1.47499999999998,0.9992188995566772,7.0,0.05746228068730809,1.0566811802439853
2460,1.4999999999999805,0.99907581189688,7.0,0.05953163635087828,1.0586074482477583
2461,1.5249999999999808,0.9989050630549202,7.0,-0.0808532366816497,0.9180518263732705
2462,1.5499999999999805,0.9987076358698904,7.0,0.08000535975923605,1.0787129956291264
2463,1.5749999999999795,0.9984890752032416,7.0,0.1891272111545847,1.1876162863578263
2464,1.59999999999998,0.9982582506668808,7.0,0.08401123858082503,1.0822694892477058
2465,1.6249999999999805,0.9980252909774132,7.0,0.04780893839509111,1.0458342293725043
2466,1.64999999999998,0.9977995792198678,7.0,0.02249627088211562,1.0202958501019834
2467,1.6749999999999794,0.9975884098600266,7.0,0.1266553613135921,1.1242437711736186
2468,1.6999999999999795,0.9973964640537036,7.0,-0.041130176216689636,0.956266287837014
2469,1.72499999999998,0.997225935370146,7.0,0.07662887644522813,1.0738548118153741
2470,1.7499999999999796,0.9970770189212996,7.0,0.08374835132307051,1.0808253702443702
2471,1.774999999999979,0.996948509562258,7.0,0.0902963381459117,1.0872448477081698
2472,1.7999999999999794,0.9968383484063692,7.0,0.1367177448181519,1.133556093224521
2473,1.82499999999998,0.996744046748262,7.0,0.053800631705129734,1.0505446784533918
2474,1.8499999999999792,0.9966629767386356,7.0,-0.15141862071702644,0.8452443560216092
2475,1.874999999999979,0.9965925484002692,7.0,-0.21233689385900334,0.7842556545412659
2476,1.899999999999979,0.9965303021126324,7.0,0.0659897982416152,1.0625201003542475
2477,1.9249999999999796,0.9964739441840909,7.0,0.04157927230536605,1.038053216489457
2478,1.9499999999999789,0.996421347301896,7.0,-0.12446585783258216,0.8719554894693139
2479,1.9749999999999783,0.9963705311901369,7.0,0.005566206451973976,1.0019367376421109
2480,1.999999999999979,0.9963196332969594,7.0,0.10555564461742879,1.101875277914388
2481,2.024999999999979,0.9962668751840028,7.0,-0.1386325086449251,0.8576343665390778
2482,2.0499999999999785,0.9962105273791744,7.0,0.08136928566234955,1.077579813041524
2483,2.074999999999978,0.9961488734781968,7.0,0.2636341453118301,1.259783018790027
2484,2.0999999999999783,0.9960801729308172,7.0,0.011632082805350412,1.0077122557361675
2485,2.1249999999999787,0.9960026209640004,7.0,0.009372594294650228,1.0053752152586506
2486,2.149999999999978,0.9959143032742606,7.0,-0.1489669427808396,0.846947360493421
2487,2.1749999999999776,0.995813142304452,7.0,0.1270471827626253,1.1228603250670772
2488,2.199999999999978,0.9956968309664722,7.0,0.14608046597241245,1.1417772969388846
2489,2.2249999999999783,0.9955627484328462,7.0,0.01943688339425133,1.0149996318270975
2490,2.249999999999978,0.9954078509113956,7.0,-0.30783981501294033,0.6875680358984553
2491,2.2749999999999773,0.9952285278769256,7.0,0.146600822538188,1.1418293504151136
2492,2.2999999999999776,0.9950204106757912,7.0,0.1354958539800965,1.1305162646558877
2493,2.324999999999978,0.9947781151640254,7.0,0.0029372734248351347,0.9977153885888606
2494,2.349999999999977,0.9944948922171016,7.0,0.049768389523646754,1.0442632817407485
2495,2.374999999999977,0.9941621482520934,7.0,-0.12657903279241736,0.867583115459676
2496,2.3999999999999773,0.9937687803596906,7.0,-0.007378103632475967,0.9863906767272147
2497,2.4249999999999776,0.993300244257086,7.0,0.13375101156053032,1.1270512558176162
2498,2.449999999999977,0.992737233434374,7.0,-0.14257106039839948,0.8501661730359745
2499,2.474999999999977,0.9920537874257384,7.0,-0.09178684212633834,0.9002669452994
2500,2.499999999999977,0.9912145550023534,7.0,0.17442063726244725,1.1656351922648007
2501,2.5249999999999773,0.9901707974008178,7.0,-0.24873161878662464,0.7414391786141932
2502,2.5499999999999767,0.9888545032298516,7.0,0.011155534732062194,1.0000100379619137
2503,2.574999999999976,0.9871696697999172,7.0,-0.11084347136904653,0.8763261984308707
2504,2.599999999999977,0.9849793585832278,7.0,-0.12436735185392116,0.8606120067293067
2505,2.624999999999977,0.9820865685233396,7.0,0.19256453170002033,1.17465110022336
2506,2.6499999999999764,0.978206438732284,7.0,-0.032447813827444195,0.9457586249048398
2507,2.674999999999976,0.9729272880032124,7.0,-0.13287688518735943,0.840050402815853
2508,2.699999999999976,0.9656597427619564,7.0,-0.11883367552699134,0.8468260672349651
2509,2.724999999999977,0.9555790625597302,7.0,-0.20200536473126401,0.7535736978284662
2510,2.749999999999976,0.9415789948355544,7.0,0.020534251916254444,0.9621132467518089
2511,2.7749999999999755,0.9222773978690072,7.0,-0.240807545050651,0.6814698528183563
2512,2.799999999999976,0.896136301294583,7.0,-0.028151373052411083,0.8679849282421719
2513,2.824999999999976,0.86175542537395,7.0,-0.09374204940123698,0.768013375972713
2514,2.849999999999976,0.8183309116355844,7.0,0.11638600135443085,0.9347169129900152
2515,2.874999999999975,0.7661375420796718,7.0,-0.058868911358426916,0.7072686307212449
2516,2.8999999999999755,0.7067808263625163,7.0,-0.06835155960114055,0.6384292667613757
2517,2.924999999999976,0.6430135301226634,7.0,-0.027588526177775633,0.6154250039448877
2518,2.9499999999999758,0.5781440863742744,7.0,0.2025505097751994,0.7806945961494738
2519,2.9749999999999748,0.5153058435050023,7.0,-0.19944564138358875,0.3158602021214135
2520,2.999999999999975,0.4569016957521647,7.0,0.05137343684464927,0.508275132596814
2521,3.0249999999999755,0.4043812954510422,7.0,-0.006344160952069878,0.3980371344989723
2522,3.049999999999975,0.3583120143714526,7.0,-0.07920639490857925,0.2791056194628734
2523,3.0749999999999744,0.3186061348994267,7.0,0.08334905524213024,0.4019551901415569
2524,3.0999999999999748,0.2847755123470862,7.0,-0.0453536446668398,0.2394218676802464
2525,3.124999999999975,0.2561408779340391,7.0,-0.19364547507583657,0.06249540285820254
2526,3.1499999999999746,0.2319742864241699,7.0,0.22204651708385117,0.4540208035080211
2527,3.174999999999974,0.2115819189644075,7.0,-0.04549512496090625,0.16608679400350126
2528,3.1999999999999744,0.1943440260150385,7.0,0.36776288860267875,0.5621069146177172
2529,3.2249999999999748,0.1797281547159504,7.0,0.04976019151474748,0.2294883462306979
2530,3.2499999999999742,0.1672876684657003,7.0,0.024698951702010932,0.19198662016771123
2531,3.2749999999999737,0.1566533063382233,7.0,-0.017117178319292905,0.1395361280189304
2532,3.299999999999974,0.1475222874395062,7.0,0.1725970526656355,0.3201193401051417
2533,3.3249999999999744,0.1396473329245714,7.0,0.08942593749148081,0.22907327041605222
2534,3.349999999999974,0.1328267034220103,7.0,0.10412401679516291,0.23695072021717323
2535,3.3749999999999734,0.1268956444139923,7.0,-0.0007229843176390705,0.12617266009635322
2536,3.3999999999999737,0.1217192728394096,7.0,-0.002498917632821751,0.11922035520658784
2537,3.424999999999974,0.1171867753375554,7.0,-0.1780901176808949,-0.060903342343339495
2538,3.449999999999973,0.1132067306130084,7.0,0.055404070896663944,0.16861080150967234
2539,3.474999999999973,0.109703362617736,7.0,-0.006682937748871974,0.10302042486886402
2540,3.4999999999999734,0.1066135486748404,7.0,0.023126308273245053,0.12973985694808546
2541,3.5249999999999737,0.1038844322275288,7.0,-0.029554521979599794,0.07432991024792901
2542,3.549999999999973,0.1014715162283437,7.0,-0.15806364908584739,-0.05659213285750368
2543,3.5749999999999726,0.0993371370665419,7.0,-0.1493136747040666,-0.04997653763752469
2544,3.599999999999973,0.0974492392638693,7.0,-0.11912694241111592,-0.021677703147246624
2545,3.624999999999973,0.0957803878678349,7.0,0.02152859206874438,0.11730897993657928
2546,3.649999999999973,0.0943069688925538,7.0,0.40284691879620477,0.49715388768875857
2547,3.674999999999972,0.0930085388018349,7.0,-0.03039306767744558,0.06261547112438932
2548,3.6999999999999726,0.0918672924054041,7.0,0.15552614603107628,0.24739343843648037
2549,3.724999999999973,0.0908676251026573,7.0,0.2057312077238257,0.296598832826483
2550,3.749999999999973,0.0899957705434671,7.0,-0.03654121925045124,0.05345455129301585
2551,3.774999999999972,0.0892394987954217,7.0,0.13631303203952352,0.22555253083494523
2552,3.799999999999972,0.0885878632611039,7.0,0.13354796175999195,0.22213582502109586
2553,3.8249999999999726,0.0880309870737096,7.0,0.017731128327858257,0.10576211540156785
2554,3.849999999999972,0.087559881667457,7.0,0.08261219127681413,0.1701720729442711
2555,3.874999999999972,0.0871662917888187,7.0,0.1352467115658139,0.2224130033546326
2556,3.899999999999972,0.0868425624765262,7.0,0.10853489124137387,0.19537745371790008
2557,3.924999999999972,0.0865815245615169,7.0,-0.06645029840928955,0.020131226152227344
2558,3.949999999999972,0.0863763960745584,7.0,-0.034214324274491684,0.05216207180006671
2559,3.9749999999999712,0.0862206976374432,7.0,-0.149299890905235,-0.0630791932677918
2560,-4.0,0.9999999999999972,8.0,0.16988206845259438,1.1698820684525917
2561,-3.975,0.9998136257321292,8.0,-0.10936649478049487,0.8904471309516343
2562,-3.95,0.9995984640753072,8.0,-0.1735990422617607,0.8259994218135465
2563,-3.925,0.9993533599459766,8.0,0.15836665203500266,1.1577200119809792
2564,-3.9,0.9990769776017712,8.0,-0.03725265366880077,0.9618243239329703
2565,-3.875,0.9987677781091274,8.0,-0.02281511750195422,0.9759526606071732
2566,-3.850000000000001,0.9984239953088854,8.0,-0.0024435010381902047,0.9959804942706951
2567,-3.8250000000000006,0.9980436103551988,8.0,-0.06554800946445928,0.9324956008907396
2568,-3.8000000000000007,0.9976243249442964,8.0,0.10226198853858356,1.09988631348288
2569,-3.775000000000001,0.9971635333975368,8.0,0.08313267754595767,1.0802962109434946
2570,-3.750000000000001,0.9966582938187608,8.0,-0.07458588060455895,0.9220724132142019
2571,-3.725000000000001,0.9961052986106276,8.0,0.05449062398527478,1.0505959225959023
2572,-3.700000000000001,0.9955008447107596,8.0,0.01589114154210768,1.0113919862528673
2573,-3.675000000000001,0.9948408039994856,8.0,-0.20275398322095542,0.7920868207785302
2574,-3.650000000000001,0.9941205944420084,8.0,-0.11632218910042519,0.8777984053415833
2575,-3.625000000000001,0.9933351526664383,8.0,0.00534064510425994,0.9986757977706983
2576,-3.6000000000000014,0.9924789088559838,8.0,-0.14681519123763184,0.8456637176183519
2577,-3.575000000000001,0.9915457650634516,8.0,0.12675530017768594,1.1183010652411376
2578,-3.5500000000000016,0.9905290783587538,8.0,-0.2697452759926037,0.7207838023661501
2579,-3.5250000000000017,0.9894216506209476,8.0,0.05167730995101317,1.0410989605719607
2580,-3.5000000000000018,0.9882157273176102,8.0,-0.05786898725509137,0.9303467400625188
2581,-3.475000000000002,0.98690300831478,8.0,-0.003192246204784037,0.9837107621099959
2582,-3.450000000000002,0.9854746746748524,8.0,0.17241820250598042,1.1578928771808328
2583,-3.425000000000002,0.9839214365754524,8.0,-0.020584574848684593,0.9633368617267678
2584,-3.400000000000002,0.9822336089653424,8.0,-0.05567674046228407,0.9265568685030583
2585,-3.375000000000002,0.980401223398738,8.0,0.08639326772809038,1.0667944911268283
2586,-3.3500000000000023,0.9784141866666588,8.0,-0.10470103223232198,0.8737131544343368
2587,-3.3250000000000024,0.976262499334882,8.0,-0.006974825467911157,0.9692876738669708
2588,-3.3000000000000025,0.9739365499852682,8.0,0.10180440339172227,1.0757409533769906
2589,-3.2750000000000026,0.9714275036007324,8.0,0.06767502848398316,1.0391025320847156
2590,-3.2500000000000027,0.9687278047172844,8.0,-0.12583073823651084,0.8428970664807736
2591,-3.2250000000000028,0.965831817034455,8.0,0.018763802042623057,0.984595619077078
2592,-3.200000000000003,0.962736620176042,8.0,-0.09841163312808542,0.8643249870479566
2593,-3.175000000000003,0.9594429799425525,8.0,-0.09720329790491257,0.8622396820376399
2594,-3.150000000000003,0.9559564991032996,8.0,-0.09319710183350823,0.8627593972697913
2595,-3.125000000000003,0.9522889397748824,8.0,0.01982014777855494,0.9721090875534373
2596,-3.100000000000003,0.9484596840911752,8.0,-0.0842247437464229,0.8642349403447523
2597,-3.0750000000000037,0.944497266221261,8.0,-0.11853801768354069,0.8259592485377203
2598,-3.050000000000004,0.9404408663082856,8.0,0.045625429975746194,0.9860662962840318
2599,-3.0250000000000035,0.9363416084309713,8.0,0.05399862322045114,0.9903402316514224
2600,-3.000000000000004,0.9322634563206704,8.0,0.12050802882030129,1.0527714851409717
2601,-2.975000000000004,0.9282834620373732,8.0,-0.04413507935843398,0.8841483826789392
2602,-2.950000000000004,0.9244911069270764,8.0,-0.03185976651118944,0.8926313404158869
2603,-2.925000000000004,0.9209864948390124,8.0,-0.16700481827217928,0.7539816765668331
2604,-2.900000000000004,0.917877226258407,8.0,0.056102010314047816,0.9739792365724548
2605,-2.875000000000004,0.9152739033879,8.0,0.05648841944554304,0.9717623228334431
2606,-2.850000000000004,0.9132843841247916,8.0,0.13595909226171146,1.049243476386503
2607,-2.825000000000004,0.912007098279192,8.0,0.10840541832631159,1.0204125166055036
2608,-2.8000000000000043,0.911523931534451,8.0,-0.06837919122163467,0.8431447403128163
2609,-2.7750000000000044,0.9118933338803078,8.0,-0.11464621322285536,0.7972471206574524
2610,-2.7500000000000044,0.9131443821610308,8.0,0.255867660091026,1.169012042252057
2611,-2.7250000000000045,0.9152724920872828,8.0,0.0919495841211764,1.0072220762084592
2612,-2.7000000000000046,0.9182373208537976,8.0,-0.09423348968051407,0.8240038311732836
2613,-2.6750000000000047,0.9219631368255332,8.0,0.005899383131914228,0.9278625199574474
2614,-2.650000000000005,0.9263415919473654,8.0,0.11447835223742207,1.0408199441847874
2615,-2.625000000000005,0.9312364720633868,8.0,-0.042748826506239006,0.8884876455571478
2616,-2.600000000000005,0.9364896882354716,8.0,0.2218960509135343,1.158385739149006
2617,-2.575000000000005,0.9419275699722724,8.0,0.22760219790869407,1.1695297678809666
2618,-2.550000000000005,0.947366463227858,8.0,-0.04728292468036866,0.9000835385474893
2619,-2.525000000000005,0.9526167132298176,8.0,0.10215661752679728,1.054773330756615
2620,-2.5000000000000053,0.9574842682429434,8.0,-0.03062051648914038,0.926863751753803
2621,-2.4750000000000054,0.961769277294558,8.0,0.02404765733035565,0.9858169346249136
2622,-2.450000000000005,0.9652610403163604,8.0,0.0912281228233867,1.056489163139747
2623,-2.4250000000000056,0.9677283325761534,8.0,-0.1760949753295957,0.7916333572465577
2624,-2.4000000000000057,0.9689032400231036,8.0,0.1515881598902238,1.1204913999133275
2625,-2.3750000000000058,0.9684549173682546,8.0,0.08915444419533569,1.0576093615635904
2626,-2.350000000000006,0.9659468437104862,8.0,-0.1759685682570443,0.7899782754534419
2627,-2.325000000000006,0.9607673001520052,8.0,0.04425941895248835,1.0050267191044935
2628,-2.300000000000006,0.9520193610751008,8.0,0.08945478090196206,1.0414741419770628
2629,-2.275000000000006,0.9383585968838144,8.0,0.056810096734900666,0.9951686936187151
2630,-2.250000000000006,0.9177867503951878,8.0,-0.0627529064972606,0.8550338438979271
2631,-2.2250000000000063,0.8874761612375447,8.0,-0.1151799409802304,0.7722962202573143
2632,-2.2000000000000064,0.8438587471164695,8.0,0.06072881588153969,0.9045875629980091
2633,-2.1750000000000065,0.7834671198480309,8.0,0.027857712208977873,0.8113248320570088
2634,-2.1500000000000066,0.7050525556969202,8.0,-0.09622621036196076,0.6088263453349594
2635,-2.1250000000000067,0.6124295737617643,8.0,0.07712346552736565,0.68955303928913
2636,-2.1000000000000068,0.5152534120378331,8.0,0.018806462771881596,0.5340598748097147
2637,-2.075000000000007,0.4252458675812847,8.0,0.2375923552929051,0.6628382228741898
2638,-2.050000000000007,0.3506207861735519,8.0,-0.005345804626557125,0.34527498154699476
2639,-2.025000000000007,0.2938539643930923,8.0,0.018301665493304448,0.3121556298863968
2640,-2.000000000000007,0.2532754867593448,8.0,0.06895241188381895,0.32222789864316376
2641,-1.9750000000000072,0.2255605337781693,8.0,0.19537093236911168,0.42093146614728094
2642,-1.9500000000000075,0.2073345327460823,8.0,0.0776723145834618,0.28500684732954407
2643,-1.9250000000000076,0.1958126414111245,8.0,0.1137597533499626,0.3095723947610871
2644,-1.9000000000000077,0.1889023520263836,8.0,0.09813090803361259,0.2870332600599962
2645,-1.8750000000000075,0.18510128942546,8.0,0.12900324489340673,0.31410453431886676
2646,-1.850000000000008,0.1833535319752705,8.0,-0.008879844174512156,0.17447368780075834
2647,-1.825000000000008,0.1829238456652636,8.0,-0.16508586907192999,0.01783797659333361
2648,-1.8000000000000078,0.1833027067311265,8.0,0.16311004192493903,0.34641274865606553
2649,-1.775000000000008,0.1841388605186293,8.0,0.13337219738868009,0.3175110579073094
2650,-1.750000000000008,0.1851925849308784,8.0,0.11136832921988275,0.29656091415076113
2651,-1.725000000000008,0.1863034074655944,8.0,-0.11416069925682854,0.07214270820876587
2652,-1.7000000000000082,0.187367550228686,8.0,-0.0848905231757064,0.1024770270529796
2653,-1.6750000000000085,0.1883218282077837,8.0,0.05198430919868233,0.24030613740646603
2654,-1.6500000000000083,0.189131864656768,8.0,-0.08590328065711703,0.10322858399965099
2655,-1.6250000000000084,0.1897833058072849,8.0,-0.004705383692843742,0.18507792211444116
2656,-1.6000000000000083,0.1902752575589299,8.0,0.1373143519342252,0.3275896094931551
2657,-1.5750000000000086,0.19061547968865,8.0,-0.10515936331078175,0.08545611637786825
2658,-1.5500000000000087,0.1908170153319498,8.0,0.048635658181291175,0.23945267351324098
2659,-1.5250000000000088,0.1908959690958605,8.0,0.07353440879568768,0.2644303778915482
2660,-1.5000000000000089,0.1908701397097026,8.0,-0.01766042427816554,0.17320971543153707
2661,-1.475000000000009,0.1907582125932413,8.0,0.034561587349917454,0.22531979994315876
2662,-1.450000000000009,0.190579250368565,8.0,0.03935332490042072,0.2299325752689857
2663,-1.4250000000000091,0.1903522862368324,8.0,0.10304344912667478,0.29339573536350716
2664,-1.4000000000000092,0.1900959097123314,8.0,-0.028963037330338358,0.16113287238199303
2665,-1.375000000000009,0.1898278141281597,8.0,-0.17550355021417532,0.014324263913984364
2666,-1.3500000000000094,0.1895643330090098,8.0,-0.10249157183922714,0.08707276116978266
2667,-1.3250000000000095,0.1893200203891625,8.0,0.052116521262997303,0.24143654165215983
2668,-1.3000000000000096,0.1891073309944139,8.0,-0.1293173832631126,0.05978994773130131
2669,-1.2750000000000097,0.1889364387996531,8.0,-0.0015638207053964364,0.18737261809425668
2670,-1.2500000000000098,0.1888152074634369,8.0,0.012836510429474852,0.20165171789291175
2671,-1.22500000000001,0.1887493023885007,8.0,-0.0054126132311538245,0.18333668915734688
2672,-1.20000000000001,0.188742417044825,8.0,-0.008097348560578858,0.18064506848424614
2673,-1.17500000000001,0.1887965775663404,8.0,0.006070801416627545,0.19486737898296796
2674,-1.15000000000001,0.1889124887259894,8.0,-0.157044178154946,0.03186831057104339
2675,-1.1250000000000102,0.1890898890395369,8.0,-0.055544777154631464,0.13354511188490545
2676,-1.1000000000000103,0.1893278904270589,8.0,0.14342741875863801,0.3327553091856969
2677,-1.0750000000000104,0.1896252863824664,8.0,-0.13772706737876894,0.051898219003697454
2678,-1.0500000000000105,0.1899808204159863,8.0,0.07547091841661868,0.265451738832605
2679,-1.0250000000000106,0.1903934127695876,8.0,0.01569980791594448,0.20609322068553207
2680,-1.0000000000000109,0.19086234774626,8.0,0.10737438396411,0.29823673171037
2681,-0.9750000000000107,0.1913874265074125,8.0,0.07439967047257326,0.26578709697998576
2682,-0.9500000000000108,0.1919690911553359,8.0,-0.07323653549717882,0.11873255565815707
2683,-0.9250000000000108,0.1926085256821346,8.0,0.1611484228194133,0.35375694850154793
2684,-0.900000000000011,0.193307738271004,8.0,-0.03443518018486249,0.1588725580861415
2685,-0.8750000000000111,0.1940696277540788,8.0,0.10719423519177093,0.3012638629458497
2686,-0.8500000000000112,0.1948980349532456,8.0,-0.09999509493778005,0.09490294001546554
2687,-0.8250000000000113,0.1957977772646252,8.0,-0.16687842134444494,0.028919355920180245
2688,-0.8000000000000114,0.1967746622372772,8.0,-0.09590191723934263,0.10087274499793455
2689,-0.7750000000000115,0.1978354730500525,8.0,-0.03394065843696984,0.16389481461308267
2690,-0.7500000000000115,0.1989879157209907,8.0,4.6931396674999705e-06,0.1989926088606582
2691,-0.7250000000000116,0.2002405146660184,8.0,-0.07067637456582636,0.12956414010019202
2692,-0.7000000000000117,0.2016024400666265,8.0,0.07441024275861007,0.27601268282523655
2693,-0.6750000000000118,0.2030832478416931,8.0,0.003965807075880197,0.2070490549175733
2694,-0.6500000000000119,0.2046925116028319,8.0,-0.05442368408057043,0.15026882752226145
2695,-0.625000000000012,0.2064393269781251,8.0,0.03664027104800779,0.24307959802613288
2696,-0.6000000000000121,0.2083316737506608,8.0,-0.04266234815133043,0.16566932559933037
2697,-0.5750000000000122,0.2103756324104889,8.0,0.11409009447211849,0.3244657268826074
2698,-0.5500000000000123,0.2125744711460044,8.0,-0.07431130810016902,0.13826316304583536
2699,-0.5250000000000123,0.2149276488316553,8.0,0.030359255235667206,0.2452869040673225
2700,-0.5000000000000124,0.2174298199130358,8.0,-0.0652124764446508,0.152217343468385
2701,-0.4750000000000125,0.2200699769767043,8.0,0.16191189215071827,0.3819818691274226
2702,-0.4500000000000126,0.2228309223996654,8.0,-0.06180800163457117,0.16102292076509422
2703,-0.4250000000000127,0.2256893157744255,8.0,0.1248278269155346,0.3505171426899601
2704,-0.4000000000000128,0.2286165924246459,8.0,0.10900416193138307,0.337620754356029
2705,-0.3750000000000129,0.2315810869757526,8.0,-0.02415964340071922,0.2074214435750334
2706,-0.3500000000000129,0.2345517281966065,8.0,-0.1118501290716909,0.1227015991249156
2707,-0.325000000000013,0.2375037087931853,8.0,0.2733316638371228,0.5108353726303081
2708,-0.3000000000000131,0.2404265911424016,8.0,-0.1610620060648746,0.079364585077527
2709,-0.2750000000000132,0.2433353935007372,8.0,-0.03173504735896188,0.21160034614177534
2710,-0.2500000000000133,0.2462853041380261,8.0,-0.18503078980883172,0.061254514329194376
2711,-0.2250000000000134,0.2493908064110738,8.0,-0.06317536502254002,0.1862154413885338
2712,-0.2000000000000135,0.2528502898817129,8.0,0.13407745884018796,0.38692774872190083
2713,-0.1750000000000136,0.2569779055132637,8.0,0.13380975790616692,0.3907876634194306
2714,-0.1500000000000136,0.2622452664416118,8.0,-0.18763241490775315,0.07461285153385863
2715,-0.1250000000000137,0.2693344685434357,8.0,0.1642788860383634,0.43361335458179906
2716,-0.1000000000000138,0.2791959981303585,8.0,-0.12477296474903667,0.15442303338132185
2717,-0.0750000000000139,0.2930856134293256,8.0,-0.09270997871912118,0.20037563471020442
2718,-0.050000000000014,0.3125233803575842,8.0,-0.05689067865805811,0.2556327016995261
2719,-0.0250000000000141,0.3390845504191455,8.0,0.009523896737055108,0.3486084471562006
2720,-1.4210854715202004e-14,0.3739259741336617,8.0,0.06698821636282175,0.44091419049648345
2721,0.0249999999999861,0.4170488941530873,8.0,-0.056211642185464684,0.3608372519676226
2722,0.0499999999999856,0.466571730585856,8.0,0.05909496464991906,0.525666695235775
2723,0.074999999999985,0.5185829166812855,8.0,-0.1533133709469301,0.36526954573435544
2724,0.0999999999999854,0.568000707053563,8.0,-0.20847852927219396,0.359522177781369
2725,0.1249999999999857,0.610119407568597,8.0,0.05256878679071617,0.6626881943593131
2726,0.1499999999999852,0.6418998062288779,8.0,-0.032791186866627874,0.60910861936225
2727,0.1749999999999847,0.6623175205953461,8.0,-0.05072009661894641,0.6115974239763997
2728,0.199999999999985,0.6718466970349192,8.0,-0.17856459267749783,0.49328210435742137
2729,0.2249999999999854,0.6715877617723576,8.0,-0.17017789443312073,0.5014098673392369
2730,0.2499999999999849,0.6624688652987993,8.0,0.003052133674045899,0.6655209989728452
2731,0.2749999999999843,0.6447045116927093,8.0,-0.03069879940070676,0.6140057122920025
2732,0.2999999999999847,0.6175290030048248,8.0,-0.09238581275850874,0.5251431902463161
2733,0.3249999999999851,0.5791690960808433,8.0,0.15434327121459945,0.7335123672954428
2734,0.3499999999999845,0.5270624931214555,8.0,0.029850382025869548,0.556912875147325
2735,0.374999999999984,0.4584961073524249,8.0,-0.08975927257706996,0.36873683477535496
2736,0.3999999999999843,0.3721690639990628,8.0,0.17152172915217287,0.5436907931512357
2737,0.4249999999999847,0.2713845775280483,8.0,0.09242883895965684,0.36381341648770515
2738,0.4499999999999842,0.1681031551296581,8.0,-0.06885965370646199,0.0992435014231961
2739,0.4749999999999836,0.0821186396764327,8.0,-0.11654001243400008,-0.03442137275756739
2740,0.499999999999984,0.0286800023238029,8.0,-0.09966103714901171,-0.07098103482520882
2741,0.5249999999999844,0.0055676604491566,8.0,-0.034761310816503424,-0.029193650367346825
2742,0.5499999999999838,0.0,8.0,0.03251845319410969,0.03251845319410969
2743,0.5749999999999833,0.0046081406131396,8.0,0.19295630693140384,0.19756444754454344
2744,0.5999999999999837,0.0230413370818398,8.0,0.0647705412961448,0.0878118783779846
2745,0.624999999999984,0.0708850094317943,8.0,0.054696169568427135,0.12558117900022142
2746,0.6499999999999835,0.1626788876469695,8.0,0.15003959132623892,0.3127184789732084
2747,0.674999999999983,0.2834005814076142,8.0,-0.2602562873536397,0.0231442940539745
2748,0.6999999999999833,0.3952468442894687,8.0,-0.13549090543912942,0.2597559388503393
2749,0.7249999999999837,0.4761625943244381,8.0,-0.034202889494036375,0.4419597048304017
2750,0.7499999999999831,0.5271199157755475,8.0,-0.1165001827526331,0.41061973302291443
2751,0.7749999999999826,0.5578603699647624,8.0,-0.0033137939066618526,0.5545465760581005
2752,0.799999999999983,0.5775337483942233,8.0,-0.13671075770058017,0.44082299069364317
2753,0.8249999999999833,0.5924490026728313,8.0,-0.006696175800193222,0.5857528268726381
2754,0.8499999999999828,0.6066029438429693,8.0,-0.025727216356451872,0.5808757274865174
2755,0.8749999999999822,0.6225629359001036,8.0,-0.049448913341670724,0.5731140225584329
2756,0.8999999999999826,0.6420238115903402,8.0,-0.18379860271556414,0.458225208874776
2757,0.924999999999983,0.6659998744737132,8.0,0.11137997321118383,0.7773798476848971
2758,0.9499999999999824,0.6947496313063312,8.0,0.04504853566976007,0.7397981669760912
2759,0.974999999999982,0.7275661611035446,8.0,0.1007845573875914,0.828350718491136
2760,0.9999999999999822,0.7626215633396913,8.0,0.03481083971772966,0.797432403057421
2761,1.0249999999999826,0.797075599437247,8.0,0.044469759695345216,0.8415453591325922
2762,1.049999999999982,0.8275349889427593,8.0,-0.07853294037700431,0.749002048565755
2763,1.0749999999999815,0.8507133726303644,8.0,0.01055142544383429,0.8612647980741986
2764,1.099999999999982,0.8640266971406905,8.0,0.09866166500172611,0.9626883621424166
2765,1.1249999999999822,0.8659892164789957,8.0,0.13886174597645512,1.004850962455451
2766,1.1499999999999817,0.8564495996900037,8.0,0.1059144475607631,0.9623640472507667
2767,1.1749999999999812,0.8366940289502314,8.0,0.1615213031178849,0.9982153320681163
2768,1.1999999999999815,0.8093012603466609,8.0,0.054518441509323744,0.8638197018559847
2769,1.224999999999982,0.777624401975855,8.0,0.07114683116236215,0.8487712331382171
2770,1.2499999999999811,0.7450130408205968,8.0,-0.23804733512698972,0.5069657056936071
2771,1.2749999999999808,0.7141248201427252,8.0,0.13793913170054464,0.8520639518432698
2772,1.2999999999999812,0.6866109287117702,8.0,0.015433821304765262,0.7020447500165354
2773,1.3249999999999815,0.6631859109022757,8.0,-0.1802209794511908,0.48296493145108493
2774,1.349999999999981,0.6439016649502627,8.0,0.03206378568556206,0.6759654506358248
2775,1.3749999999999805,0.6284421953738354,8.0,0.13149405360321567,0.759936248977051
2776,1.3999999999999808,0.616345052917117,8.0,-0.0364047235952785,0.5799403293218386
2777,1.4249999999999812,0.6071339801125273,8.0,0.11014053730051836,0.7172745174130456
2778,1.4499999999999806,0.6003833320990314,8.0,-0.11497210466909749,0.4854112274299339
2779,1.47499999999998,0.5957405991596925,8.0,0.11144049130666643,0.7071810904663589
2780,1.4999999999999805,0.5929270866291062,8.0,0.14872661033012527,0.7416536969592314
2781,1.5249999999999808,0.5917290011894896,8.0,0.09602258232747915,0.6877515835169687
2782,1.5499999999999805,0.591985408676876,8.0,0.04851274555396954,0.6404981542308456
2783,1.5749999999999795,0.593576049301904,8.0,-0.056528816749709755,0.5370472325521942
2784,1.59999999999998,0.5964101628565377,8.0,0.004330034831675986,0.6007401976882136
2785,1.6249999999999805,0.6004166206306302,8.0,-0.015730461181762117,0.584686159448868
2786,1.64999999999998,0.605535326917343,8.0,-0.028532632027279126,0.577002694890064
2787,1.6749999999999794,0.6117097773918517,8.0,-0.0037363401577913398,0.6079734372340604
2788,1.6999999999999795,0.6188807038514933,8.0,-0.06692936691475977,0.5519513369367335
2789,1.72499999999998,0.6269808212003446,8.0,0.1377042730892731,0.7646850942896177
2790,1.7499999999999796,0.6359307809491158,8.0,-0.06766557392946528,0.5682652070196506
2791,1.774999999999979,0.6456364966949043,8.0,0.12703343756126464,0.7726699342561689
2792,1.7999999999999794,0.6559880183833184,8.0,-0.015664487746893187,0.6403235306364252
2793,1.82499999999998,0.6668600788094926,8.0,-0.016419874699133117,0.6504402041103595
2794,1.8499999999999792,0.6781143160367946,8.0,0.1700012344951545,0.8481155505319491
2795,1.874999999999979,0.6896030053613356,8.0,-0.03495105392427184,0.6546519514370637
2796,1.899999999999979,0.7011739482264889,8.0,-0.13680247180981864,0.5643714764166703
2797,1.9249999999999796,0.7126760078267285,8.0,-0.06373009018670703,0.6489459176400214
2798,1.9499999999999789,0.7239646939579355,8.0,0.028106769270315055,0.7520714632282506
2799,1.9749999999999783,0.734907207665423,8.0,0.060255477244382044,0.795162684909805
2800,1.999999999999979,0.7453864580900355,8.0,-0.006327808549022513,0.739058649541013
2801,2.024999999999979,0.7553037333658005,8.0,0.04612615686854022,0.8014298902343407
2802,2.0499999999999785,0.7645799035148861,8.0,-0.11086066997273829,0.6537192335421479
2803,2.074999999999978,0.7731552145748901,8.0,-0.03261557247163931,0.7405396421032509
2804,2.0999999999999783,0.7809878697167414,8.0,0.05206256514654299,0.8330504348632843
2805,2.1249999999999787,0.7880516719848883,8.0,-0.016661166095436636,0.7713905058894517
2806,2.149999999999978,0.7943330275480872,8.0,-0.09373322712536691,0.7005998004227203
2807,2.1749999999999776,0.7998275914365169,8.0,0.07526524931120404,0.875092840747721
2808,2.199999999999978,0.8045367969360243,8.0,-0.006140228435246087,0.7983965685007782
2809,2.2249999999999783,0.8084644609882685,8.0,0.1316193519435196,0.9400838129317881
2810,2.249999999999978,0.8116136126888289,8.0,-0.019375291918760314,0.7922383207700686
2811,2.2749999999999773,0.813983656816822,8.0,-0.023740380513713633,0.7902432763031084
2812,2.2999999999999776,0.8155679613620281,8.0,0.06864770562404734,0.8842156669860755
2813,2.324999999999978,0.8163519460761738,8.0,0.2482697155845767,1.0646216616607505
2814,2.349999999999977,0.8163117449685683,8.0,-0.059722039291202074,0.7565897056773662
2815,2.374999999999977,0.815413515177695,8.0,-0.09789499871004118,0.7175185164676539
2816,2.3999999999999773,0.813613463281715,8.0,0.1504755345854656,0.9640889978671806
2817,2.4249999999999776,0.8108586535462864,8.0,-0.005895930991923736,0.8049627225543626
2818,2.449999999999977,0.807088646912118,8.0,0.2780843872654867,1.0851730341776047
2819,2.474999999999977,0.8022379911302655,8.0,-0.008402588127116327,0.7938354030031491
2820,2.499999999999977,0.7962395381476239,8.0,-0.21395914668493465,0.5822803914626893
2821,2.5249999999999773,0.7890285022138736,8.0,-0.24642971808233854,0.542598784131535
2822,2.5499999999999767,0.7805470911240158,8.0,0.10012709726083142,0.8806741883848472
2823,2.574999999999976,0.7707494487285785,8.0,-0.08613074921096013,0.6846186995176184
2824,2.599999999999977,0.7596065537843718,8.0,0.07386839869643179,0.8334749524808036
2825,2.624999999999977,0.7471106548742175,8.0,0.09054807418374537,0.8376587290579628
2826,2.6499999999999764,0.7332788198847201,8.0,-0.05769421330431201,0.6755846065804081
2827,2.674999999999976,0.7181552765161925,8.0,-0.21885501569769625,0.4993002608184962
2828,2.699999999999976,0.7018124301374924,8.0,0.19814962135547368,0.899962051492966
2829,2.724999999999977,0.6843507321468126,8.0,-0.07933468286020322,0.6050160492866095
2830,2.749999999999976,0.6658978401561708,8.0,0.15266206125416878,0.8185599014103396
2831,2.7749999999999755,0.6466076216979885,8.0,0.1368066422124193,0.7834142639104078
2832,2.799999999999976,0.6266593813932152,8.0,-0.04276269580040108,0.5838966855928142
2833,2.824999999999976,0.6062572118047364,8.0,-0.07163433802720807,0.5346228737775283
2834,2.849999999999976,0.5856287191051195,8.0,0.18351109365477497,0.7691398127598945
2835,2.874999999999975,0.5650218518134581,8.0,-0.055053246449049395,0.5099686053644087
2836,2.8999999999999755,0.5446985053178265,8.0,-0.017738950432539112,0.5269595548852873
2837,2.924999999999976,0.5249241871281399,8.0,-0.15351111386445135,0.37141307326368855
2838,2.9499999999999758,0.5059542041663326,8.0,-0.07184541232874743,0.4341087918375852
2839,2.9749999999999748,0.4880181469135446,8.0,-0.3213676134405501,0.16665053347299452
2840,2.999999999999975,0.4713053263636419,8.0,0.2234535780501719,0.6947589044138138
2841,3.0249999999999755,0.4559538561041113,8.0,-0.0231899436584599,0.43276391244565143
2842,3.049999999999975,0.4420452377952124,8.0,0.03917878303377685,0.48122402082898924
2843,3.0749999999999744,0.4296049667049375,8.0,-0.08888907790792153,0.340715888797016
2844,3.0999999999999748,0.4186083569415326,8.0,-0.2670422058000326,0.15156615114150002
2845,3.124999999999975,0.4089899171904631,8.0,0.02313584679349605,0.4321257639839592
2846,3.1499999999999746,0.4006543414377002,8.0,0.12576308097664965,0.5264174224143499
2847,3.174999999999974,0.39348741576746,8.0,0.09471364102490917,0.48820105679236914
2848,3.1999999999999744,0.38736565402686,8.0,-0.0859854643756985,0.30138018965116153
2849,3.2249999999999748,0.382164037574521,8.0,0.09714607076158607,0.4793101083361071
2850,3.2499999999999742,0.3777617006479451,8.0,-0.027512274556047756,0.35024942609189735
2851,3.2749999999999737,0.3740457149623893,8.0,0.11656295848873702,0.49060867345112635
2852,3.299999999999974,0.3709132905085351,8.0,0.03849380936655853,0.40940709987509366
2853,3.3249999999999744,0.3682727604665928,8.0,0.08735175535323973,0.45562451581983254
2854,3.349999999999974,0.366043699008843,8.0,-0.038339355030459335,0.32770434397838366
2855,3.3749999999999734,0.3641564667293426,8.0,0.13687756678991062,0.5010340335192532
2856,3.3999999999999737,0.3625514135984217,8.0,-0.052456430686974295,0.3100949829114474
2857,3.424999999999974,0.3611779075841398,8.0,0.2156229745023003,0.5768008820864401
2858,3.449999999999973,0.3599933048683588,8.0,0.20731254302584903,0.5673058478942078
2859,3.474999999999973,0.3589619367287083,8.0,-0.02332207654077094,0.33563986018793734
2860,3.4999999999999734,0.3580541579962239,8.0,0.2028155880168886,0.5608697460131125
2861,3.5249999999999737,0.3572454808049441,8.0,0.0028648699039132593,0.3601103507088574
2862,3.549999999999973,0.3565158031482591,8.0,-0.35513345796529994,0.0013823451829591549
2863,3.5749999999999726,0.3558487327276275,8.0,0.11867448916495155,0.47452322189257906
2864,3.599999999999973,0.3552310012170777,8.0,-0.04069789688137767,0.31453310433570003
2865,3.624999999999973,0.3546519612066601,8.0,-0.1122187481253496,0.2424332130813105
2866,3.649999999999973,0.3541031568693137,8.0,0.036431795626926514,0.3905349524962402
2867,3.674999999999972,0.3535779592061694,8.0,-0.010644022688250016,0.34293393651791937
2868,3.6999999999999726,0.3530712571427888,8.0,0.2110270542405109,0.5640983113832997
2869,3.724999999999973,0.3525791964909027,8.0,-0.030353183039231544,0.3222260134516711
2870,3.749999999999973,0.3520989596739996,8.0,-0.042180312238269346,0.3099186474357303
2871,3.774999999999972,0.3516285800269143,8.0,0.1289187486753368,0.48054732870225103
2872,3.799999999999972,0.3511667853525166,8.0,0.04561689219212851,0.3967836775446451
2873,3.8249999999999726,0.350712866216636,8.0,0.05830231246500924,0.4090151786816452
2874,3.849999999999972,0.3502665651694939,8.0,-0.028342733932306796,0.3219238312371871
2875,3.874999999999972,0.3498279836943049,8.0,-0.06139452060451036,0.28843346308979456
2876,3.899999999999972,0.3493975042051179,8.0,-0.26834958567297323,0.08104791853214466
2877,3.924999999999972,0.3489757248538387,8.0,-0.1722058437858552,0.1767698810679835
2878,3.949999999999972,0.3485634052703596,8.0,0.2456190169010046,0.5941824221713642
2879,3.9749999999999712,0.3481614216597278,8.0,-0.011175045807133254,0.33698637585259456
2880,-4.0,0.8119735952887394,9.0,-0.004695421333640714,0.8072781739550986
2881,-3.975,0.8116029768472913,9.0,0.057384086296751284,0.8689870631440426
2882,-3.95,0.8112372304405115,9.0,-0.1352930775567701,0.6759441528837414
2883,-3.925,0.8108801304250396,9.0,0.0613837378632892,0.8722638682883288
2884,-3.9,0.8105362260168533,9.0,0.08385012568021719,0.8943863516970705
2885,-3.875,0.8102109931440509,9.0,0.09591009845136672,0.9061210915954176
2886,-3.850000000000001,0.8099110164501309,9.0,-0.21953894830615933,0.5903720681439715
2887,-3.8250000000000006,0.8096442072361184,9.0,0.004040936174019468,0.8136851434101379
2888,-3.8000000000000007,0.8094200640569655,9.0,0.1059452637984148,0.9153653278553804
2889,-3.775000000000001,0.8092499836475654,9.0,-0.21992420867463258,0.5893257749729328
2890,-3.750000000000001,0.8091476307677553,9.0,0.14577009642861533,0.9549177271963707
2891,-3.725000000000001,0.8091293762856295,9.0,0.12294816425026384,0.9320775405358934
2892,-3.700000000000001,0.8092148131349518,9.0,0.20549419352901116,1.014709006663963
2893,-3.675000000000001,0.8094273593175009,9.0,-0.099915623221856,0.7095117360956449
2894,-3.650000000000001,0.8097949553013,9.0,-0.10576328001927938,0.7040316752820206
2895,-3.625000000000001,0.8103508591169127,9.0,0.0648680839924381,0.8752189431093509
2896,-3.6000000000000014,0.8111345348739063,9.0,-0.11636857042088383,0.6947659644530224
2897,-3.575000000000001,0.8121926174088754,9.0,0.06846241696023532,0.8806550343691107
2898,-3.5500000000000016,0.8135799146332697,9.0,0.29368999195718465,1.1072699065904543
2899,-3.5250000000000017,0.8153603761410624,9.0,-0.010282871115907671,0.8050775050251547
2900,-3.5000000000000018,0.8176079067989774,9.0,-0.04856971852174965,0.7690381882772278
2901,-3.475000000000002,0.820406831115794,9.0,0.07931986496242976,0.8997266960782238
2902,-3.450000000000002,0.823851710910212,9.0,0.2148532850722787,1.0387049959824908
2903,-3.425000000000002,0.8280460779704394,9.0,0.15702320287261584,0.9850692808430552
2904,-3.400000000000002,0.8330994604831156,9.0,0.023430750586428066,0.8565302110695436
2905,-3.375000000000002,0.8391218606344666,9.0,0.2116208577499048,1.0507427183843714
2906,-3.3500000000000023,0.8462146037733614,9.0,0.0922842619561526,0.938498865729514
2907,-3.3250000000000024,0.8544562902248951,9.0,-0.013452874289099687,0.8410034159357954
2908,-3.3000000000000025,0.8638825826290258,9.0,0.24932265380745264,1.1132052364364784
2909,-3.2750000000000026,0.874459042467802,9.0,-0.004601549226732294,0.8698574932410698
2910,-3.2500000000000027,0.8860476919558908,9.0,0.06916785443401952,0.9552155463899104
2911,-3.2250000000000028,0.8983710900837312,9.0,0.09115294245674983,0.989524032540481
2912,-3.200000000000003,0.910982775918306,9.0,-0.015834193215394914,0.8951485827029111
2913,-3.175000000000003,0.923258350572062,9.0,0.18004750446882345,1.1033058550408854
2914,-3.150000000000003,0.9344216794860444,9.0,-0.09458078298918979,0.8398408964968546
2915,-3.125000000000003,0.9436074150891994,9.0,-0.022729948474844375,0.9208774666143551
2916,-3.100000000000003,0.9499337146946882,9.0,-0.04871759141010576,0.9012161232845824
2917,-3.0750000000000037,0.9525391815049848,9.0,-0.0734213642894698,0.8791178172155151
2918,-3.050000000000004,0.9505616148643784,9.0,0.017492816231616307,0.9680544310959948
2919,-3.0250000000000035,0.943112715130132,9.0,0.030839598330095728,0.9739523134602277
2920,-3.000000000000004,0.9293807035564084,9.0,0.0035761722296453616,0.9329568757860538
2921,-2.975000000000004,0.9089629211357516,9.0,-0.07154438501478791,0.8374185361209637
2922,-2.950000000000004,0.8823053002770074,9.0,-0.10404981667311694,0.7782554836038904
2923,-2.925000000000004,0.8508591425775394,9.0,0.05211375912227532,0.9029729016998147
2924,-2.900000000000004,0.8166745938210475,9.0,0.09775852802047238,0.9144331218415198
2925,-2.875000000000004,0.7816624398415913,9.0,-0.10088387583198039,0.6807785640096109
2926,-2.850000000000004,0.7470389364085056,9.0,0.16707804026206807,0.9141169766705737
2927,-2.825000000000004,0.7132163660665415,9.0,0.022285547726215264,0.7355019137927568
2928,-2.8000000000000043,0.6800427774990431,9.0,0.3571379534119578,1.0371807309110008
2929,-2.7750000000000044,0.6471775220451491,9.0,0.25942177304542263,0.9065992950905717
2930,-2.7500000000000044,0.614439797041613,9.0,-0.11231118030548858,0.5021286167361244
2931,-2.7250000000000045,0.5820302017891325,9.0,-0.08413708298068961,0.49789311880844284
2932,-2.7000000000000046,0.5505694603640232,9.0,-0.05377825841527603,0.49679120194874715
2933,-2.6750000000000047,0.5209561146342213,9.0,0.21268608120523763,0.733642195839459
2934,-2.650000000000005,0.4941170393296827,9.0,-0.14422930528811662,0.3498877340415661
2935,-2.625000000000005,0.4707659999339188,9.0,-0.04547855119892462,0.4252874487349942
2936,-2.600000000000005,0.4512616855298204,9.0,0.14325515516491052,0.5945168406947309
2937,-2.575000000000005,0.4355895774734472,9.0,0.08485975428485419,0.5204493317583013
2938,-2.550000000000005,0.4234342290207097,9.0,0.1750245463323785,0.5984587753530882
2939,-2.525000000000005,0.4142893188171702,9.0,-0.012979528476442874,0.40130979034072733
2940,-2.5000000000000053,0.407564305752589,9.0,-0.12096758463206901,0.28659672112052
2941,-2.4750000000000054,0.402667177210705,9.0,-0.0003606660830158929,0.4023065111276891
2942,-2.450000000000005,0.3990587217610249,9.0,-0.026812180533532456,0.37224654122749246
2943,-2.4250000000000056,0.3962818870658884,9.0,0.16017581666142733,0.5564577037273157
2944,-2.4000000000000057,0.3939723635094982,9.0,-0.1250321797830624,0.2689401837264358
2945,-2.3750000000000058,0.3918564309837231,9.0,0.030486327981624484,0.42234275896534756
2946,-2.350000000000006,0.3897410980186819,9.0,0.07990601903412935,0.46964711705281126
2947,-2.325000000000006,0.3875004044005316,9.0,-0.08350606746161,0.3039943369389216
2948,-2.300000000000006,0.3850606780008021,9.0,0.06594694958282629,0.45100762758362845
2949,-2.275000000000006,0.3823865882270253,9.0,0.03145196506142367,0.413838553288449
2950,-2.250000000000006,0.3794690485661637,9.0,-0.09345767860468193,0.2860113699614818
2951,-2.2250000000000063,0.3763154109474839,9.0,0.005676453741165685,0.3819918646886496
2952,-2.2000000000000064,0.3729419707481283,9.0,0.05355480887837054,0.42649677962649885
2953,-2.1750000000000065,0.3693685461806342,9.0,-0.0016942751277705204,0.36767427105286365
2954,-2.1500000000000066,0.365614775328655,9.0,0.1668638545069763,0.5324786298356313
2955,-2.1250000000000067,0.3616977477248225,9.0,0.1021793248730432,0.4638770725978657
2956,-2.1000000000000068,0.3576306177523807,9.0,0.08686980598842231,0.444500423740803
2957,-2.075000000000007,0.3534219053000678,9.0,0.1591057059461441,0.5125276112462118
2958,-2.050000000000007,0.3490752555092659,9.0,-0.00701214945006675,0.34206310605919915
2959,-2.025000000000007,0.3445894928325003,9.0,-0.03564674848450183,0.30894274434799845
2960,-2.000000000000007,0.3399588596514239,9.0,0.12409636111141605,0.46405522076283995
2961,-1.9750000000000072,0.33517337480631,9.0,0.11908640636261386,0.45425978116892385
2962,-1.9500000000000075,0.3302192829633404,9.0,-0.024875941916829212,0.3053433410465112
2963,-1.9250000000000076,0.325079592902161,9.0,0.03718499499635087,0.36226458789851185
2964,-1.9000000000000077,0.3197347225638997,9.0,0.29162153438847777,0.6113562569523774
2965,-1.8750000000000075,0.3141632815092728,9.0,0.07102684763282671,0.3851901291420995
2966,-1.850000000000008,0.3083430269493048,9.0,0.05202054122047669,0.3603635681697815
2967,-1.825000000000008,0.3022520265774436,9.0,-0.09289566942808003,0.20935635714936357
2968,-1.8000000000000078,0.2958700483630407,9.0,0.10677572533304817,0.4026457736960889
2969,-1.775000000000008,0.2891801726469615,9.0,0.1069523248745453,0.3961324975215068
2970,-1.750000000000008,0.2821705847949638,9.0,0.03413197191790319,0.316302556712867
2971,-1.725000000000008,0.2748364592911326,9.0,-0.014786776289374108,0.2600496830017585
2972,-1.7000000000000082,0.2671817944316566,9.0,0.1106651726266535,0.3778469670583101
2973,-1.6750000000000085,0.2592210115171378,9.0,-0.06857309750482064,0.19064791401231712
2974,-1.6500000000000083,0.2509801087224846,9.0,-0.25876055570599854,-0.007780446983513933
2975,-1.6250000000000084,0.2424971739827576,9.0,0.055045482538739296,0.2975426565214969
2976,-1.6000000000000083,0.2338221251336911,9.0,-0.12031284435018717,0.11350928078350393
2977,-1.5750000000000086,0.2250156592454122,9.0,-0.13364149506548387,0.09137416417992833
2978,-1.5500000000000087,0.2161475386991259,9.0,0.09310818481051425,0.30925572350964015
2979,-1.5250000000000088,0.2072944821112327,9.0,-0.11297499319590408,0.09431948891532861
2980,-1.5000000000000089,0.1985380145992594,9.0,0.12047787849199966,0.31901589309125905
2981,-1.475000000000009,0.1899626180615541,9.0,0.22178295573838772,0.4117455737999418
2982,-1.450000000000009,0.1816543847566982,9.0,0.08353573808603623,0.26519012284273447
2983,-1.4250000000000091,0.1737001329376253,9.0,-0.12116443118513037,0.05253570175249492
2984,-1.4000000000000092,0.1661866545595474,9.0,0.0661417777433324,0.2323284323028798
2985,-1.375000000000009,0.1591995321754383,9.0,-0.22565052490874937,-0.06645099273331107
2986,-1.3500000000000094,0.1528208947320774,9.0,0.03879544616166285,0.19161634089374024
2987,-1.3250000000000095,0.1471256580546062,9.0,0.054530114168286944,0.20165577222289316
2988,-1.3000000000000096,0.1421762186001791,9.0,-0.05004344911335025,0.09213276948682884
2989,-1.2750000000000097,0.1380161421997177,9.0,0.012866868868290637,0.15088301106800833
2990,-1.2500000000000098,0.1346639306174346,9.0,-0.0603356366126783,0.0743282940047563
2991,-1.22500000000001,0.1321082486729359,9.0,-0.07864547168011479,0.05346277699282112
2992,-1.20000000000001,0.1303059042617378,9.0,-0.1706503838252198,-0.040344479563482
2993,-1.17500000000001,0.1291833779552448,9.0,0.019984607500589037,0.14916798545583382
2994,-1.15000000000001,0.1286419370167055,9.0,-0.004406652610163262,0.12423528440654225
2995,-1.1250000000000102,0.1285655826840816,9.0,0.020384695035402082,0.1489502777194837
2996,-1.1000000000000103,0.1288305150061943,9.0,-0.13098906090069237,-0.0021585458944980707
2997,-1.0750000000000104,0.1293146072544748,9.0,0.03826807051716229,0.1675826777716371
2998,-1.0500000000000105,0.1299055694096257,9.0,-0.07942057665281449,0.0504849927568112
2999,-1.0250000000000106,0.1305069305317318,9.0,0.19658663506398463,0.32709356559571645
3000,-1.0000000000000109,0.1310415091122262,9.0,-0.07967997439914767,0.05136153471307853
3001,-0.9750000000000107,0.1314525127151654,9.0,-0.045946768852542376,0.08550574386262302
3002,-0.9500000000000108,0.1317027220200513,9.0,-0.001819301121651205,0.12988342089840008
3003,-0.9250000000000108,0.1317723508726285,9.0,0.11711416629288705,0.24888651716551558
3004,-0.900000000000011,0.1316561658479173,9.0,-0.23115757630048442,-0.09950141045256711
3005,-0.8750000000000111,0.1313603505933395,9.0,0.13379611311622785,0.26515646370956736
3006,-0.8500000000000112,0.130899464134794,9.0,0.07368880543131005,0.20458826956610404
3007,-0.8250000000000113,0.1302937062255224,9.0,0.14278492587751165,0.27307863210303407
3008,-0.8000000000000114,0.1295665878736676,9.0,-0.16460561774199953,-0.03503902986833193
3009,-0.7750000000000115,0.1287430193763918,9.0,-0.09103425341547723,0.03770876596091456
3010,-0.7500000000000115,0.1278477713758474,9.0,0.018207028327118634,0.14605479970296603
3011,-0.7250000000000116,0.126904232718397,9.0,0.10143245296371571,0.22833668568211268
3012,-0.7000000000000117,0.1259333772963309,9.0,0.05175119809520078,0.17768457539153168
3013,-0.6750000000000118,0.1249528558257693,9.0,0.09577282517218656,0.22072568099795586
3014,-0.6500000000000119,0.1239761432539104,9.0,-0.023838035173085668,0.10013810808082474
3015,-0.625000000000012,0.1230116937406064,9.0,0.07811256884493266,0.20112426258553906
3016,-0.6000000000000121,0.1220620779829405,9.0,-0.001399855540964855,0.12066222244197564
3017,-0.5750000000000122,0.1211230964837163,9.0,-0.03532066687239758,0.08580242961131873
3018,-0.5500000000000123,0.1201828714332295,9.0,0.03468783586198186,0.15487070729521135
3019,-0.5250000000000123,0.1192209142202166,9.0,0.14822083202801364,0.26744174624823025
3020,-0.5000000000000124,0.1182071425455424,9.0,0.03346518346085004,0.15167232600639244
3021,-0.4750000000000125,0.1171007818920523,9.0,0.0359509084940033,0.1530516903860556
3022,-0.4500000000000126,0.1158490371142279,9.0,-0.10280118720367862,0.013047849910549289
3023,-0.4250000000000127,0.1143853736933157,9.0,-0.07759322088671675,0.03679215280659895
3024,-0.4000000000000128,0.1126272245018652,9.0,0.24611608041456234,0.35874330491642753
3025,-0.3750000000000129,0.1104729663118133,9.0,-0.3012814882705879,-0.19080852195877462
3026,-0.3500000000000129,0.1077981367238175,9.0,0.09035753182386709,0.19815566854768457
3027,-0.325000000000013,0.1044511624459196,9.0,-0.2720066968105266,-0.167555534364607
3028,-0.3000000000000131,0.1002494719504731,9.0,0.00878156917895642,0.10903104112942952
3029,-0.2750000000000132,0.0949779793966011,9.0,-0.029931243905236694,0.06504673549136442
3030,-0.2500000000000133,0.0883938647497182,9.0,0.08985194655289064,0.17824581130260886
3031,-0.2250000000000134,0.080244710981582,9.0,-0.05581961096416849,0.024425100017413506
3032,-0.2000000000000135,0.0703115925830067,9.0,0.024491606024074703,0.0948031986070814
3033,-0.1750000000000136,0.0584939859276114,9.0,0.20880874098867738,0.26730272691628876
3034,-0.1500000000000136,0.0449565088260616,9.0,0.034910708795865567,0.07986721762192717
3035,-0.1250000000000137,0.0303517674987795,9.0,-0.18394306743986294,-0.15359129994108345
3036,-0.1000000000000138,0.0161093568560825,9.0,0.13235010247699616,0.14845945933307866
3037,-0.0750000000000139,0.0047342336993332,9.0,-0.1409101258785503,-0.1361758921792171
3038,-0.050000000000014,0.0,9.0,-0.1284145712069317,-0.1284145712069317
3039,-0.0250000000000141,0.0068524590251524,9.0,0.05118600385831623,0.05803846288346863
3040,-1.4210854715202004e-14,0.030662331044386,9.0,0.209985472078995,0.24064780312338102
3041,0.0249999999999861,0.0751944360319659,9.0,-0.0720279403065891,0.0031664957253768056
3042,0.0499999999999856,0.1392458342369232,9.0,-0.024366226286291866,0.11487960795063132
3043,0.074999999999985,0.2142667227358672,9.0,-0.004144305884878394,0.2101224168509888
3044,0.0999999999999854,0.2858988525771083,9.0,0.0014660558943854326,0.2873649084714937
3045,0.1249999999999857,0.3400163396869642,9.0,-0.16194132929660637,0.17807501039035784
3046,0.1499999999999852,0.3721314341162638,9.0,-0.08016900772469925,0.29196242639156456
3047,0.1749999999999847,0.3899635052753534,9.0,-0.05281424846313046,0.33714925681222296
3048,0.199999999999985,0.4035952085256296,9.0,0.03494672018945288,0.43854192871508246
3049,0.2249999999999854,0.4177750169664417,9.0,-0.05844552167205817,0.3593294952943835
3050,0.2499999999999849,0.4327558660506193,9.0,0.10569901933037804,0.5384548853809973
3051,0.2749999999999843,0.4473718293571307,9.0,-0.052166517592043916,0.3952053117650868
3052,0.2999999999999847,0.4607217358666071,9.0,-0.11963560778965772,0.3410861280769494
3053,0.3249999999999851,0.4725906191406294,9.0,-0.19067269744627688,0.2819179216943525
3054,0.3499999999999845,0.4833240678061072,9.0,-0.20096007449401065,0.28236399331209655
3055,0.374999999999984,0.4935469400921934,9.0,-0.009410507626748605,0.4841364324654448
3056,0.3999999999999843,0.5038780272186743,9.0,0.234657356687524,0.7385353839061982
3057,0.4249999999999847,0.5147057079093441,9.0,0.017076139613357102,0.5317818475227012
3058,0.4499999999999842,0.5260626387316771,9.0,0.081654967705573,0.6077176064372501
3059,0.4749999999999836,0.5375952805916763,9.0,0.021812392402259566,0.5594076729939358
3060,0.499999999999984,0.5485752797001455,9.0,-0.08103244002557797,0.46754283967456756
3061,0.5249999999999844,0.5579345646122221,9.0,-0.017394777578025187,0.5405397870341969
3062,0.5499999999999838,0.5645026975348757,9.0,-0.19672201701713052,0.36778068051774515
3063,0.5749999999999833,0.5680159301089943,9.0,-0.31558053582835593,0.2524353942806384
3064,0.5999999999999837,0.571840635109547,9.0,0.03317493236455099,0.605015567474098
3065,0.624999999999984,0.5876952091245496,9.0,0.06605615460133574,0.6537513637258854
3066,0.6499999999999835,0.6381374798643517,9.0,-0.050056201294353085,0.5880812785699986
3067,0.674999999999983,0.7208746917621027,9.0,0.04405644318855381,0.7649311349506566
3068,0.6999999999999833,0.7642410043511307,9.0,-0.14086524825975477,0.623375756091376
3069,0.7249999999999837,0.7534853752264371,9.0,0.17405618992082011,0.9275415651472572
3070,0.7499999999999831,0.7302851238166398,9.0,-0.028728133120011653,0.7015569906966281
3071,0.7749999999999826,0.7204510080511618,9.0,-0.09441544910090303,0.6260355589502588
3072,0.799999999999983,0.7335054559060105,9.0,0.006150009921962037,0.7396554658279725
3073,0.8249999999999833,0.7718319799967024,9.0,0.08771581931773949,0.8595477993144419
3074,0.8499999999999828,0.8314771298393672,9.0,0.11161354644865956,0.9430906762880267
3075,0.8749999999999822,0.8986851745360068,9.0,0.0025769121531331253,0.90126208668914
3076,0.8999999999999826,0.9541116791797386,9.0,0.10512927441412453,1.0592409535938632
3077,0.924999999999983,0.9869871837176946,9.0,-0.30264414220554947,0.6843430415121451
3078,0.9499999999999824,0.9999999999999968,9.0,-0.1348300375647893,0.8651699624352075
3079,0.974999999999982,0.998520317264279,9.0,-0.11975878698894708,0.878761530275332
3080,0.9999999999999822,0.9819555981486334,9.0,0.09898060001174365,1.0809361981603771
3081,1.0249999999999826,0.9401165969049752,9.0,0.05492265177214394,0.9950392486771191
3082,1.049999999999982,0.8559492102833404,9.0,-0.026772859592212466,0.8291763506911279
3083,1.0749999999999815,0.7379470833069793,9.0,0.022061851384591224,0.7600089346915706
3084,1.099999999999982,0.6278280656426187,9.0,-0.051021883940001345,0.5768061817026173
3085,1.1249999999999822,0.5475269624754203,9.0,0.05073126066784226,0.5982582231432626
3086,1.1499999999999817,0.494113064370626,9.0,-0.13028916202849158,0.36382390234213446
3087,1.1749999999999812,0.458805367391863,9.0,0.15091099561977464,0.6097163630116377
3088,1.1999999999999815,0.4342495934032018,9.0,0.07658166139806219,0.510831254801264
3089,1.224999999999982,0.4157036713943401,9.0,0.06188938639034639,0.4775930577846865
3090,1.2499999999999811,0.4005186279489962,9.0,0.03718862436874797,0.43770725231774416
3091,1.2749999999999808,0.3873499589937598,9.0,-0.02068506380278778,0.366664895190972
3092,1.2999999999999812,0.3755675246807451,9.0,0.008587279066863072,0.3841548037476082
3093,1.3249999999999815,0.3649021927792985,9.0,0.11066331292006809,0.47556550569936656
3094,1.349999999999981,0.3552546604100072,9.0,-0.06904652206560072,0.2862081383444065
3095,1.3749999999999805,0.3465982196945829,9.0,-0.07722783005448242,0.26937038964010046
3096,1.3999999999999808,0.3389322285483511,9.0,0.03992664188763811,0.3788588704359892
3097,1.4249999999999812,0.3322617632465721,9.0,0.0329814548745835,0.36524321812115557
3098,1.4499999999999806,0.3265901465968467,9.0,-0.22556064520079702,0.10102950139604969
3099,1.47499999999998,0.321917341439617,9.0,-0.10777045442970275,0.21414688700991424
3100,1.4999999999999805,0.3182406445193709,9.0,-0.12190634718602242,0.19633429733334848
3101,1.5249999999999808,0.3155559622212217,9.0,-0.14351700591853214,0.17203895630268953
3102,1.5499999999999805,0.3138589096636012,9.0,0.063697172062056,0.3775560817256572
3103,1.5749999999999795,0.3131454504697921,9.0,-0.19503341598857682,0.11811203448121527
3104,1.59999999999998,0.3134120131463357,9.0,0.11578112153575477,0.42919313468209047
3105,1.6249999999999805,0.314655108450808,9.0,0.14747589140563389,0.4621309998564419
3106,1.64999999999998,0.3168705005200178,9.0,-0.12008459800530236,0.19678590251471545
3107,1.6749999999999794,0.3200519906510728,9.0,-0.008754640330364124,0.3112973503207087
3108,1.6999999999999795,0.3241898761620029,9.0,0.0956429814831294,0.4198328576451323
3109,1.72499999999998,0.3292691571337386,9.0,0.1386429768112029,0.4679121339449415
3110,1.7499999999999796,0.3352675842983729,9.0,-0.0753710336055917,0.25989655069278117
3111,1.774999999999979,0.3421536708096294,9.0,0.24304773042061725,0.5852014012302467
3112,1.7999999999999794,0.3498848244318144,9.0,0.07651574845746979,0.4264005728892842
3113,1.82499999999998,0.3584057870019288,9.0,-0.05580659952836798,0.30259918747356085
3114,1.8499999999999792,0.3676475848277208,9.0,-0.029983893984262187,0.3376636908434586
3115,1.874999999999979,0.377527186599743,9.0,-0.08125606017399566,0.2962711264257473
3116,1.899999999999979,0.3879480265657268,9.0,-0.0692990856682578,0.318648940897469
3117,1.9249999999999796,0.3988014781603427,9.0,-0.09437604576465024,0.3044254323956925
3118,1.9499999999999789,0.4099692634737313,9.0,-0.05705729595570527,0.352911967518026
3119,1.9749999999999783,0.4213266721265123,9.0,-0.026278601071267088,0.3950480710552452
3120,1.999999999999979,0.4327463604175988,9.0,-0.04194246125986719,0.3908038991577316
3121,2.024999999999979,0.4441024292465226,9.0,0.021077861843841913,0.4651802910903645
3122,2.0499999999999785,0.4552744519495584,9.0,0.1557535009378954,0.6110279528874538
3123,2.074999999999978,0.4661511442289676,9.0,-0.018521883762352784,0.4476292604666148
3124,2.0999999999999783,0.476633429371929,9.0,0.10205095030844476,0.5786843796803738
3125,2.1249999999999787,0.4866367364843152,9.0,-0.020283553575755755,0.4663531829085595
3126,2.149999999999978,0.4960924591558062,9.0,-0.06151324427739127,0.4345792148784149
3127,2.1749999999999776,0.5049485821662509,9.0,0.2804944933073714,0.7854430754736224
3128,2.199999999999978,0.5131695463528376,9.0,-0.03838386985032611,0.4747856765025115
3129,2.2249999999999783,0.5207354644979063,9.0,0.03612737278675459,0.5568628372846609
3130,2.249999999999978,0.5276408257803232,9.0,0.09401866073719692,0.6216594865175201
3131,2.2749999999999773,0.5338928359858933,9.0,0.1666426135529957,0.700535449538889
3132,2.2999999999999776,0.5395095381395477,9.0,0.032292784531184615,0.5718023226707323
3133,2.324999999999978,0.5445178458596325,9.0,-0.11341217214332226,0.4311056737163102
3134,2.349999999999977,0.5489516017858983,9.0,0.40872063416642207,0.9576722359523204
3135,2.374999999999977,0.5528497484508853,9.0,0.11897350512926927,0.6718232535801546
3136,2.3999999999999773,0.5562546718884391,9.0,0.2690617885701683,0.8253164604586074
3137,2.4249999999999776,0.5592107521246751,9.0,0.028309105033210793,0.5875198571578859
3138,2.449999999999977,0.5617631320860078,9.0,0.01655649421845026,0.5783196263044581
3139,2.474999999999977,0.563956699145354,9.0,0.06579910644972722,0.6297558055950812
3140,2.499999999999977,0.565835262197294,9.0,0.1726664871325553,0.7385017493298492
3141,2.5249999999999773,0.5674409014647518,9.0,-0.005863411846349642,0.5615774896184021
3142,2.5499999999999767,0.5688134670854725,9.0,-0.14439523125024953,0.424418235835223
3143,2.574999999999976,0.5699902044047558,9.0,0.010012925891602069,0.5800031302963579
3144,2.599999999999977,0.5710054872888347,9.0,-0.10138090361117612,0.4696245836776586
3145,2.624999999999977,0.5718906444130061,9.0,-0.10953918826958635,0.4623514561434197
3146,2.6499999999999764,0.5726738665330934,9.0,0.23805210809066785,0.8107259746237612
3147,2.674999999999976,0.5733801848266183,9.0,-0.044131665570578356,0.52924851925604
3148,2.699999999999976,0.5740315114715653,9.0,-0.0921209227400002,0.4819105887315651
3149,2.724999999999977,0.5746467339400709,9.0,-0.01467378043397772,0.5599729535060932
3150,2.749999999999976,0.5752418543543957,9.0,-0.014207765265631342,0.5610340890887643
3151,2.7749999999999755,0.5758301650119773,9.0,0.05061303627132634,0.6264432012833036
3152,2.799999999999976,0.576422451089561,9.0,0.1681743006813025,0.7445967517708636
3153,2.824999999999976,0.5770272117326187,9.0,-0.09656067889528779,0.48046653283733093
3154,2.849999999999976,0.577650891272733,9.0,0.014824607985013316,0.5924754992577462
3155,2.874999999999975,0.5782981131601796,9.0,-0.11912454285152738,0.45917357030865225
3156,2.8999999999999755,0.5789719102700724,9.0,0.11731869340876572,0.6962906036788381
3157,2.924999999999976,0.5796739464366771,9.0,0.0808512607494807,0.6605252071861578
3158,2.9499999999999758,0.5804047252924696,9.0,0.13732114804196285,0.7177258733344324
3159,2.9749999999999748,0.5811637836534154,9.0,-0.13701524531227463,0.44414853834114076
3160,2.999999999999975,0.5819498677400453,9.0,-0.1589084404047241,0.42304142733532124
3161,3.0249999999999755,0.5827610914194108,9.0,-0.06499748268425974,0.517763608735151
3162,3.049999999999975,0.5835950763811264,9.0,0.2300056577008419,0.8136007340819683
3163,3.0749999999999744,0.5844490747231101,9.0,0.04672644298575784,0.631175517708868
3164,3.0999999999999748,0.5853200748320527,9.0,-0.15738191451301103,0.4279381603190417
3165,3.124999999999975,0.5862048917197644,9.0,-0.01809126478393732,0.5681136269358271
3166,3.1499999999999746,0.5871002431415804,9.0,0.059970585617215195,0.6470708287587956
3167,3.174999999999974,0.5880028128996916,9.0,-0.04248334057585058,0.545519472323841
3168,3.1999999999999744,0.5889093027435333,9.0,0.04592992478354997,0.6348392275270832
3169,3.2249999999999748,0.5898164742396551,9.0,0.09724790560490358,0.6870643798445587
3170,3.2499999999999742,0.5907211819102601,9.0,-0.15220056568570334,0.4385206162245568
3171,3.2749999999999737,0.5916203988452068,9.0,0.10009303586644311,0.6917134347116499
3172,3.299999999999974,0.592511235886359,9.0,0.09135998040147318,0.6838712162878322
3173,3.3249999999999744,0.5933909553729955,9.0,-0.06320809887188608,0.5301828565011094
3174,3.349999999999974,0.5942569803275511,9.0,0.07326920006069065,0.6675261803882417
3175,3.3749999999999734,0.5951068998559851,9.0,0.06182187388500129,0.6569287737409863
3176,3.3999999999999737,0.5959384714386174,9.0,-0.16198348119101397,0.4339549902476035
3177,3.424999999999974,0.596749620696766,9.0,0.13576415210704598,0.7325137728038119
3178,3.449999999999973,0.5975384391384422,9.0,-0.014537419271876182,0.583001019866566
3179,3.474999999999973,0.5983031803129027,9.0,0.0378700005793651,0.6361731808922678
3180,3.4999999999999734,0.5990422547386387,9.0,0.07979575482329886,0.6788380095619375
3181,3.5249999999999737,0.5997542239120838,9.0,0.055831426376284986,0.6555856502883688
3182,3.549999999999973,0.6004377936542482,9.0,0.12324773805134692,0.7236855317055951
3183,3.5749999999999726,0.6010918070090284,9.0,0.21200280092233445,0.8130946079313629
3184,3.599999999999973,0.6017152368694612,9.0,0.022274214831739064,0.6239894517012002
3185,3.624999999999973,0.6023071784759904,9.0,0.00678464153300639,0.6090918200089968
3186,3.649999999999973,0.6028668419032875,9.0,-0.042475644853638736,0.5603911970496488
3187,3.674999999999972,0.6033935446288152,9.0,0.08211597235243269,0.685509516981248
3188,3.6999999999999726,0.6038867042564832,9.0,0.10925673952820011,0.7131434437846833
3189,3.724999999999973,0.6043458314520886,9.0,-0.033601660399497864,0.5707441710525908
3190,3.749999999999973,0.6047705231332492,9.0,-0.15950928334867534,0.4452612397845739
3191,3.774999999999972,0.605160455944884,9.0,-0.025330083917505793,0.5798303720273782
3192,3.799999999999972,0.6055153800416291,9.0,0.09078896892741131,0.6963043489690404
3193,3.8249999999999726,0.6058351131906499,9.0,0.04120113393880544,0.6470362471294553
3194,3.849999999999972,0.6061195352018025,9.0,0.064831395699697,0.6709509309014995
3195,3.874999999999972,0.6063685826868359,9.0,-0.12285153563596272,0.48351704705087317
3196,3.899999999999972,0.6065822441451528,9.0,0.1758197419622726,0.7824019861074254
3197,3.924999999999972,0.6067605553702935,9.0,-0.1838950965305575,0.42286545883973603
3198,3.949999999999972,0.6069035951687327,9.0,0.18064378501520148,0.7875473801839342
3199,3.9749999999999712,0.60701148138065,9.0,-0.09454339461822814,0.5124680867624218
